0.100000 0.100000 2.000000 
0.200000 0.100000 2.000000 
0.300000 0.100000 2.000000 
0.100000 0.200000 2.000000 
0.300000 0.200000 2.000000 
0.100000 0.300000 2.000000 
0.200000 0.300000 2.000000 
0.300000 0.300000 2.000000 
0.100000 0.500000 3.000000 
0.200000 0.500000 3.000000 
0.300000 0.500000 3.000000 
0.100000 0.600000 3.000000 
0.300000 0.600000 3.000000 
0.100000 0.700000 3.000000 
0.200000 0.700000 3.000000 
0.300000 0.700000 3.000000 
0.500000 0.100000 0.000000 
0.600000 0.100000 0.000000 
0.700000 0.100000 0.000000 
0.500000 0.200000 0.000000 
0.700000 0.200000 0.000000 
0.500000 0.300000 0.000000 
0.600000 0.300000 0.000000 
0.700000 0.300000 0.000000 
0.500000 0.500000 1.000000 
0.600000 0.500000 1.000000 
0.700000 0.500000 1.000000 
0.500000 0.600000 1.000000 
0.700000 0.600000 1.000000 
0.500000 0.700000 1.000000 
0.600000 0.700000 1.000000 
0.700000 0.700000 1.000000 
