0.224050 0.837580 3.000000 
0.282010 0.760290 3.000000 
0.098981 0.804480 3.000000 
0.238560 0.775650 3.000000 
0.214260 0.813570 3.000000 
0.141520 0.773150 3.000000 
0.180610 0.821910 3.000000 
0.215320 0.833070 3.000000 
0.360030 0.876560 3.000000 
0.323850 0.791320 3.000000 
0.139630 0.704370 3.000000 
0.335730 0.762450 3.000000 
0.232440 0.860580 3.000000 
0.197180 0.752050 3.000000 
0.231960 0.842980 3.000000 
0.190830 0.805550 3.000000 
0.194450 0.864250 3.000000 
0.266620 0.712310 3.000000 
0.263010 0.791160 3.000000 
0.263380 0.745980 3.000000 
0.230030 0.930050 3.000000 
0.146000 0.836900 3.000000 
0.232080 0.861670 3.000000 
0.272910 0.752680 3.000000 
0.221860 0.779040 3.000000 
0.246270 0.787810 3.000000 
0.232510 0.849120 3.000000 
0.186430 0.787570 3.000000 
0.213140 0.831370 3.000000 
0.164790 0.708240 3.000000 
0.239730 0.784180 3.000000 
0.148700 0.763170 3.000000 
0.152200 0.729470 3.000000 
0.163800 0.822720 3.000000 
0.068328 0.812610 3.000000 
0.264330 0.801500 3.000000 
0.214540 0.740360 3.000000 
0.166240 0.850420 3.000000 
0.261280 0.815660 3.000000 
0.123460 0.786630 3.000000 
0.195430 0.801020 3.000000 
0.189200 0.788280 3.000000 
0.214280 0.721730 3.000000 
0.213990 0.787230 3.000000 
0.161320 0.762820 3.000000 
0.198660 0.756210 3.000000 
0.192630 0.748280 3.000000 
0.228070 0.776140 3.000000 
0.248890 0.710440 3.000000 
0.249610 0.843120 3.000000 
0.161380 0.823260 3.000000 
0.203460 0.799100 3.000000 
0.145700 0.798440 3.000000 
0.150200 0.764310 3.000000 
0.199690 0.845560 3.000000 
0.268540 0.794040 3.000000 
0.165580 0.768050 3.000000 
0.216610 0.860440 3.000000 
0.189910 0.789950 3.000000 
0.249970 0.773660 3.000000 
0.151300 0.786860 3.000000 
0.201460 0.762080 3.000000 
0.224710 0.749910 3.000000 
0.249220 0.912970 3.000000 
0.269060 0.874040 3.000000 
0.203840 0.813750 3.000000 
0.133290 0.743780 3.000000 
0.166800 0.761300 3.000000 
0.152520 0.792110 3.000000 
0.305120 0.835390 3.000000 
0.172470 0.740430 3.000000 
0.233460 0.695810 3.000000 
0.191390 0.735190 3.000000 
0.239740 0.814920 3.000000 
0.165790 0.817500 3.000000 
0.137290 0.820200 3.000000 
0.136390 0.794170 3.000000 
0.221830 0.808210 3.000000 
0.192070 0.778710 3.000000 
0.191230 0.838550 3.000000 
0.263470 0.739100 3.000000 
0.213040 0.820350 3.000000 
0.208850 0.762040 3.000000 
0.271000 0.785020 3.000000 
0.164020 0.824720 3.000000 
0.231150 0.846470 3.000000 
0.237350 0.750020 3.000000 
0.189100 0.856380 3.000000 
0.209650 0.829520 3.000000 
0.147860 0.796960 3.000000 
0.148660 0.791270 3.000000 
0.204690 0.790270 3.000000 
0.232300 0.786440 3.000000 
0.315630 0.801030 3.000000 
0.170180 0.802290 3.000000 
0.208380 0.836940 3.000000 
0.196310 0.868290 3.000000 
0.113550 0.820880 3.000000 
0.180370 0.790620 3.000000 
0.119740 0.827960 3.000000 
0.608190 0.803570 7.000000 
0.553950 0.757580 7.000000 
0.642450 0.818400 7.000000 
0.613730 0.830280 7.000000 
0.606050 0.838360 7.000000 
0.623040 0.769090 7.000000 
0.611690 0.820100 7.000000 
0.557900 0.804500 7.000000 
0.592740 0.836940 7.000000 
0.593470 0.823980 7.000000 
0.576210 0.840150 7.000000 
0.675230 0.794100 7.000000 
0.560840 0.793420 7.000000 
0.578360 0.845070 7.000000 
0.568160 0.705030 7.000000 
0.547490 0.777430 7.000000 
0.591400 0.743180 7.000000 
0.587740 0.782890 7.000000 
0.668430 0.829010 7.000000 
0.588860 0.836930 7.000000 
0.552410 0.754610 7.000000 
0.671710 0.778930 7.000000 
0.655220 0.806130 7.000000 
0.589730 0.786950 7.000000 
0.532640 0.813500 7.000000 
0.580120 0.817890 7.000000 
0.593030 0.758410 7.000000 
0.612350 0.792090 7.000000 
0.588320 0.704650 7.000000 
0.619830 0.851220 7.000000 
0.617530 0.771870 7.000000 
0.544070 0.746160 7.000000 
0.557610 0.788640 7.000000 
0.566860 0.736110 7.000000 
0.577290 0.799070 7.000000 
0.585660 0.774930 7.000000 
0.600560 0.897390 7.000000 
0.464530 0.850910 7.000000 
0.579560 0.688340 7.000000 
0.655560 0.819740 7.000000 
0.552300 0.737470 7.000000 
0.641760 0.788590 7.000000 
0.615670 0.807350 7.000000 
0.598700 0.833440 7.000000 
0.608160 0.787790 7.000000 
0.530010 0.870490 7.000000 
0.596220 0.778490 7.000000 
0.671730 0.814650 7.000000 
0.604400 0.829730 7.000000 
0.601850 0.803810 7.000000 
0.567170 0.839400 7.000000 
0.598620 0.814450 7.000000 
0.610390 0.764930 7.000000 
0.619070 0.719260 7.000000 
0.583330 0.883120 7.000000 
0.589430 0.772960 7.000000 
0.690500 0.804620 7.000000 
0.499000 0.825190 7.000000 
0.699700 0.805080 7.000000 
0.615100 0.759540 7.000000 
0.644720 0.779080 7.000000 
0.525580 0.794410 7.000000 
0.573610 0.866140 7.000000 
0.587560 0.761500 7.000000 
0.618900 0.835090 7.000000 
0.525310 0.813800 7.000000 
0.621090 0.789540 7.000000 
0.545760 0.752730 7.000000 
0.602960 0.787290 7.000000 
0.629170 0.796120 7.000000 
0.614630 0.734290 7.000000 
0.648420 0.808590 7.000000 
0.644990 0.763230 7.000000 
0.570890 0.795790 7.000000 
0.611500 0.815040 7.000000 
0.557770 0.759540 7.000000 
0.540890 0.787110 7.000000 
0.641360 0.815660 7.000000 
0.600000 0.717900 7.000000 
0.597540 0.846330 7.000000 
0.640750 0.908430 7.000000 
0.626590 0.842910 7.000000 
0.615660 0.785880 7.000000 
0.655910 0.819170 7.000000 
0.641580 0.753670 7.000000 
0.610720 0.883980 7.000000 
0.569130 0.842070 7.000000 
0.570860 0.835210 7.000000 
0.653310 0.760830 7.000000 
0.527920 0.814310 7.000000 
0.598910 0.775030 7.000000 
0.512840 0.786070 7.000000 
0.645640 0.774510 7.000000 
0.638540 0.754130 7.000000 
0.600050 0.759360 7.000000 
0.596830 0.790610 7.000000 
0.488810 0.724020 7.000000 
0.625990 0.827170 7.000000 
0.501950 0.794730 7.000000 
0.496280 0.831270 7.000000 
0.412060 0.396430 6.000000 
0.422110 0.440180 6.000000 
0.333670 0.408220 6.000000 
0.354370 0.413000 6.000000 
0.380010 0.405050 6.000000 
0.404900 0.419680 6.000000 
0.450480 0.404550 6.000000 
0.387030 0.524650 5.000000 
0.456420 0.347830 6.000000 
0.421260 0.317070 6.000000 
0.452510 0.348990 6.000000 
0.405680 0.351100 6.000000 
0.370630 0.380610 6.000000 
0.333750 0.392470 6.000000 
0.406950 0.390230 6.000000 
0.436610 0.424210 6.000000 
0.386920 0.417410 6.000000 
0.375820 0.433600 6.000000 
0.386200 0.479530 6.000000 
0.350960 0.454700 6.000000 
0.377950 0.342610 6.000000 
0.391920 0.295850 6.000000 
0.402050 0.440340 6.000000 
0.397150 0.317910 6.000000 
0.427340 0.402990 6.000000 
0.404890 0.401590 6.000000 
0.481130 0.499600 5.000000 
0.413950 0.396900 6.000000 
0.480700 0.377310 6.000000 
0.367660 0.410550 6.000000 
0.423550 0.410990 6.000000 
0.388360 0.403130 6.000000 
0.426840 0.372780 6.000000 
0.426560 0.345320 6.000000 
0.302240 0.414150 6.000000 
0.340650 0.339950 6.000000 
0.335560 0.353840 6.000000 
0.417970 0.459530 6.000000 
0.465750 0.381270 6.000000 
0.385380 0.393720 6.000000 
0.436330 0.440240 6.000000 
0.424400 0.386580 6.000000 
0.352970 0.446030 6.000000 
0.417780 0.384570 6.000000 
0.366370 0.445290 6.000000 
0.467810 0.428140 6.000000 
0.398540 0.390470 6.000000 
0.473160 0.361280 6.000000 
0.380990 0.353350 6.000000 
0.426360 0.387920 6.000000 
0.397190 0.380410 6.000000 
0.309580 0.381720 6.000000 
0.356080 0.443990 6.000000 
0.427390 0.386690 6.000000 
0.397550 0.451150 6.000000 
0.349970 0.376230 6.000000 
0.371990 0.443490 6.000000 
0.411160 0.376640 6.000000 
0.355590 0.407900 6.000000 
0.443600 0.443410 6.000000 
0.371350 0.381490 6.000000 
0.480890 0.380400 6.000000 
0.351710 0.489590 5.000000 
0.408910 0.442530 6.000000 
0.331980 0.380680 6.000000 
0.367640 0.429020 6.000000 
0.373470 0.383900 6.000000 
0.417950 0.431570 6.000000 
0.442130 0.463320 6.000000 
0.413440 0.328240 6.000000 
0.383320 0.446010 6.000000 
0.436470 0.465200 6.000000 
0.435730 0.402120 6.000000 
0.405380 0.478090 6.000000 
0.425550 0.406950 6.000000 
0.418460 0.344670 6.000000 
0.355860 0.301900 6.000000 
0.433970 0.385090 6.000000 
0.370610 0.431910 6.000000 
0.372990 0.414190 6.000000 
0.407910 0.418500 6.000000 
0.386250 0.374190 6.000000 
0.394100 0.406440 6.000000 
0.426630 0.326720 6.000000 
0.446820 0.366010 6.000000 
0.391150 0.363380 6.000000 
0.414650 0.423240 6.000000 
0.389340 0.399370 6.000000 
0.410270 0.348320 6.000000 
0.419680 0.399570 6.000000 
0.372410 0.369150 6.000000 
0.412290 0.370180 6.000000 
0.426880 0.438650 6.000000 
0.404130 0.405070 6.000000 
0.477360 0.417820 6.000000 
0.372780 0.439530 6.000000 
0.367040 0.408060 6.000000 
0.321740 0.424630 6.000000 
0.440720 0.430540 6.000000 
0.438780 0.452350 6.000000 
0.921280 0.585350 4.000000 
0.963160 0.505470 4.000000 
0.901010 0.546820 4.000000 
0.897860 0.489850 4.000000 
0.976090 0.492730 4.000000 
0.877200 0.530860 4.000000 
0.899870 0.524850 4.000000 
0.941140 0.449900 4.000000 
0.906700 0.431460 4.000000 
0.962830 0.450900 4.000000 
0.946250 0.436680 4.000000 
0.913040 0.502660 4.000000 
0.865220 0.481610 4.000000 
0.925340 0.483540 4.000000 
0.838170 0.439140 4.000000 
0.910930 0.534860 4.000000 
0.936150 0.519650 4.000000 
0.909530 0.495990 4.000000 
0.939340 0.545670 4.000000 
0.991180 0.460910 4.000000 
0.941320 0.518550 4.000000 
0.911940 0.515580 4.000000 
0.928700 0.515620 4.000000 
0.919030 0.467390 4.000000 
0.841200 0.514620 4.000000 
0.881380 0.476970 4.000000 
0.954770 0.459910 4.000000 
0.898050 0.446190 4.000000 
0.926050 0.546410 4.000000 
0.854990 0.462170 4.000000 
0.902890 0.492270 4.000000 
0.926850 0.445950 4.000000 
0.839110 0.486710 4.000000 
0.915540 0.355460 4.000000 
0.891870 0.451390 4.000000 
0.857980 0.436210 4.000000 
0.898320 0.454630 4.000000 
0.815190 0.490460 4.000000 
0.804830 0.485450 4.000000 
0.847370 0.586960 4.000000 
0.855700 0.474430 4.000000 
0.847540 0.488820 4.000000 
0.822840 0.429820 4.000000 
0.912890 0.478650 4.000000 
0.828710 0.440160 4.000000 
0.904930 0.501360 4.000000 
0.935200 0.538150 4.000000 
0.899900 0.518080 4.000000 
0.904160 0.468670 4.000000 
0.883090 0.427080 4.000000 
0.833690 0.565290 4.000000 
0.898040 0.591680 4.000000 
0.942970 0.505390 4.000000 
0.977740 0.455730 4.000000 
0.880760 0.553570 4.000000 
0.827220 0.473500 4.000000 
0.907440 0.478990 4.000000 
0.916830 0.539640 4.000000 
0.889850 0.438050 4.000000 
0.848620 0.412490 4.000000 
0.990530 0.518810 4.000000 
0.794480 0.517920 4.000000 
0.877190 0.504250 4.000000 
0.840900 0.522210 4.000000 
0.871550 0.548400 4.000000 
0.914210 0.543400 4.000000 
0.906170 0.474570 4.000000 
0.868210 0.536220 4.000000 
0.934750 0.507750 4.000000 
0.927830 0.477390 4.000000 
0.928950 0.446630 4.000000 
0.880970 0.528930 4.000000 
0.946890 0.484190 4.000000 
0.929550 0.502080 4.000000 
1.012200 0.464540 4.000000 
0.947560 0.430660 4.000000 
0.951740 0.507670 4.000000 
0.902370 0.497220 4.000000 
0.842380 0.553620 4.000000 
0.883400 0.535850 4.000000 
0.866110 0.547110 4.000000 
0.874780 0.466510 4.000000 
0.924830 0.458130 4.000000 
0.875100 0.443240 4.000000 
0.859970 0.522270 4.000000 
0.881690 0.624730 4.000000 
0.892800 0.532540 4.000000 
0.918310 0.465430 4.000000 
0.857400 0.537420 4.000000 
0.914190 0.449540 4.000000 
0.903490 0.436300 4.000000 
0.959230 0.532080 4.000000 
0.890470 0.465210 4.000000 
0.893990 0.514130 4.000000 
0.847620 0.562900 4.000000 
0.838050 0.517940 4.000000 
0.913890 0.541580 4.000000 
0.888840 0.428190 4.000000 
0.922530 0.529580 4.000000 
0.860080 0.595640 4.000000 
0.724200 0.519520 0.000000 
0.631090 0.477440 0.000000 
0.690920 0.504570 0.000000 
0.677640 0.553500 0.000000 
0.717130 0.505380 0.000000 
0.718430 0.453630 0.000000 
0.718130 0.461670 0.000000 
0.683730 0.492400 0.000000 
0.673200 0.491430 0.000000 
0.673630 0.461280 0.000000 
0.738170 0.508080 0.000000 
0.617130 0.556640 0.000000 
0.690730 0.488770 0.000000 
0.712090 0.490850 0.000000 
0.670810 0.401540 0.000000 
0.721340 0.465360 0.000000 
0.696810 0.437690 0.000000 
0.658040 0.482730 0.000000 
0.707220 0.523500 0.000000 
0.688010 0.568120 0.000000 
0.681670 0.580430 0.000000 
0.668190 0.494770 0.000000 
0.702750 0.485680 0.000000 
0.617440 0.536560 0.000000 
0.682190 0.521920 0.000000 
0.675690 0.534220 0.000000 
0.659220 0.534810 0.000000 
0.729190 0.433800 0.000000 
0.667160 0.524170 0.000000 
0.724180 0.495910 0.000000 
0.743640 0.466000 0.000000 
0.692980 0.468980 0.000000 
0.712420 0.557310 0.000000 
0.728600 0.463790 0.000000 
0.696380 0.444690 0.000000 
0.724190 0.509600 0.000000 
0.643540 0.589920 0.000000 
0.749660 0.501140 0.000000 
0.655750 0.513790 0.000000 
0.618210 0.458040 0.000000 
0.761920 0.574870 4.000000 
0.697190 0.505590 0.000000 
0.720080 0.523710 0.000000 
0.683750 0.457420 0.000000 
0.654360 0.538190 0.000000 
0.562570 0.517400 0.000000 
0.728010 0.448300 0.000000 
0.687180 0.501780 0.000000 
0.691170 0.479850 0.000000 
0.718140 0.504890 0.000000 
0.636520 0.488790 0.000000 
0.667380 0.491510 0.000000 
0.751310 0.453810 0.000000 
0.726740 0.485540 0.000000 
0.642700 0.534280 0.000000 
0.601470 0.578020 0.000000 
0.674450 0.448100 0.000000 
0.709570 0.606320 0.000000 
0.742140 0.568250 4.000000 
0.704190 0.507540 0.000000 
0.649810 0.486530 0.000000 
0.713690 0.468760 0.000000 
0.647570 0.537240 0.000000 
0.657020 0.468940 0.000000 
0.670760 0.479340 0.000000 
0.645020 0.539520 0.000000 
0.687880 0.519500 0.000000 
0.659750 0.540100 0.000000 
0.687220 0.522570 0.000000 
0.679320 0.482070 0.000000 
0.681670 0.477020 0.000000 
0.677480 0.535610 0.000000 
0.755150 0.469980 0.000000 
0.727290 0.553070 0.000000 
0.702640 0.535360 0.000000 
0.634400 0.512870 0.000000 
0.627290 0.500140 0.000000 
0.612130 0.516350 0.000000 
0.816510 0.657720 8.000000 
0.743490 0.494970 0.000000 
0.711490 0.430390 0.000000 
0.656430 0.585650 0.000000 
0.648730 0.527270 0.000000 
0.724490 0.471020 0.000000 
0.769990 0.617050 4.000000 
0.624270 0.524640 0.000000 
0.679900 0.513160 0.000000 
0.696230 0.465210 0.000000 
0.610920 0.452370 0.000000 
0.737620 0.420910 0.000000 
0.681460 0.481090 0.000000 
0.785520 0.452900 0.000000 
0.682520 0.528970 0.000000 
0.718300 0.485800 0.000000 
0.648910 0.579110 0.000000 
0.672060 0.567560 0.000000 
0.647730 0.507330 0.000000 
0.717560 0.487350 0.000000 
0.758220 0.551530 4.000000 
0.673450 0.448730 0.000000 
0.730130 0.298140 0.000000 
0.670080 0.272470 0.000000 
0.682100 0.358770 0.000000 
0.669960 0.234930 0.000000 
0.725740 0.222080 0.000000 
0.665200 0.309180 0.000000 
0.652440 0.353350 0.000000 
0.724730 0.264100 0.000000 
0.681060 0.243400 0.000000 
0.716170 0.293320 0.000000 
0.684260 0.226820 0.000000 
0.712050 0.300780 0.000000 
0.585310 0.337050 0.000000 
0.720830 0.309740 0.000000 
0.782890 0.214620 0.000000 
0.746480 0.275990 0.000000 
0.740740 0.286490 0.000000 
0.689280 0.381110 0.000000 
0.708090 0.340910 0.000000 
0.710920 0.297450 0.000000 
0.704310 0.358560 0.000000 
0.662860 0.253280 0.000000 
0.684250 0.284430 0.000000 
0.692180 0.363170 0.000000 
0.678500 0.367190 0.000000 
0.737420 0.332660 0.000000 
0.813520 0.321950 0.000000 
0.640820 0.273790 0.000000 
0.705740 0.333310 0.000000 
0.635490 0.262960 0.000000 
0.758250 0.325690 0.000000 
0.763050 0.312600 0.000000 
0.625650 0.350950 0.000000 
0.786920 0.280950 0.000000 
0.651490 0.328450 0.000000 
0.710140 0.335470 0.000000 
0.749150 0.259820 0.000000 
0.706580 0.306990 0.000000 
0.802670 0.371430 0.000000 
0.823100 0.305030 0.000000 
0.706190 0.286200 0.000000 
0.614710 0.320420 0.000000 
0.683680 0.287700 0.000000 
0.662070 0.319820 0.000000 
0.665800 0.293970 0.000000 
0.649570 0.299180 0.000000 
0.703500 0.320610 0.000000 
0.794210 0.360920 0.000000 
0.667990 0.320210 0.000000 
0.687450 0.373720 0.000000 
0.752170 0.209290 0.000000 
0.754240 0.279910 0.000000 
0.721710 0.310550 0.000000 
0.745880 0.262650 0.000000 
0.738940 0.242940 0.000000 
0.682930 0.327590 0.000000 
0.719180 0.327400 0.000000 
0.686620 0.312940 0.000000 
0.659760 0.317680 0.000000 
0.728390 0.261070 0.000000 
0.703020 0.277740 0.000000 
0.691630 0.295230 0.000000 
0.713050 0.269240 0.000000 
0.744170 0.314840 0.000000 
0.717570 0.405780 0.000000 
0.708700 0.278430 0.000000 
0.712510 0.328950 0.000000 
0.702290 0.253740 0.000000 
0.665360 0.359910 0.000000 
0.735190 0.256660 0.000000 
0.763010 0.309330 0.000000 
0.676110 0.272340 0.000000 
0.786210 0.322900 0.000000 
0.692120 0.300510 0.000000 
0.689100 0.298030 0.000000 
0.659860 0.431890 0.000000 
0.664570 0.271820 0.000000 
0.657380 0.297900 0.000000 
0.715830 0.419990 0.000000 
0.771420 0.248720 0.000000 
0.723590 0.324730 0.000000 
0.738200 0.251860 0.000000 
0.760010 0.346090 0.000000 
0.588220 0.314650 0.000000 
0.692510 0.329160 0.000000 
0.715790 0.287530 0.000000 
0.732080 0.310970 0.000000 
0.641650 0.365850 0.000000 
0.655020 0.198250 0.000000 
0.735360 0.226960 0.000000 
0.694790 0.318580 0.000000 
0.724730 0.270720 0.000000 
0.657040 0.286750 0.000000 
0.626930 0.233060 0.000000 
0.734040 0.259530 0.000000 
0.753370 0.281920 0.000000 
0.772990 0.267540 0.000000 
0.631480 0.261250 0.000000 
0.640210 0.281130 0.000000 
0.634090 0.257840 0.000000 
0.960010 0.781890 8.000000 
0.855800 0.823610 8.000000 
0.981300 0.754970 8.000000 
0.883250 0.848700 8.000000 
0.835080 0.879820 8.000000 
0.872330 0.786420 8.000000 
0.941790 0.799610 8.000000 
0.947220 0.822660 8.000000 
0.907170 0.853810 8.000000 
0.912850 0.823350 8.000000 
0.928300 0.817760 8.000000 
0.834750 0.778410 8.000000 
0.873990 0.789650 8.000000 
0.818150 0.827430 8.000000 
0.879920 0.875260 8.000000 
0.942450 0.825420 8.000000 
0.932080 0.746060 8.000000 
1.002300 0.819370 8.000000 
0.907460 0.795880 8.000000 
0.803560 0.789090 8.000000 
0.975550 0.790200 8.000000 
0.957350 0.760660 8.000000 
0.873940 0.785650 8.000000 
0.909960 0.764920 8.000000 
0.934860 0.783680 8.000000 
0.917200 0.805240 8.000000 
0.931140 0.807800 8.000000 
0.894960 0.790360 8.000000 
0.898260 0.793180 8.000000 
0.903940 0.801510 8.000000 
0.864690 0.820500 8.000000 
0.963640 0.857320 8.000000 
0.900280 0.827730 8.000000 
0.930700 0.787180 8.000000 
0.861770 0.826740 8.000000 
0.851910 0.789020 8.000000 
0.895930 0.720360 8.000000 
0.888700 0.695030 8.000000 
0.953430 0.723370 8.000000 
0.927100 0.789400 8.000000 
0.924170 0.772290 8.000000 
0.835380 0.767790 8.000000 
0.856720 0.801820 8.000000 
0.909040 0.770530 8.000000 
0.884440 0.771800 8.000000 
0.957690 0.827260 8.000000 
0.959980 0.834990 8.000000 
0.874030 0.908970 8.000000 
0.939140 0.813520 8.000000 
0.962410 0.802610 8.000000 
0.914350 0.774320 8.000000 
0.972600 0.791270 8.000000 
0.947510 0.797740 8.000000 
0.909580 0.721480 8.000000 
0.939210 0.788490 8.000000 
0.908690 0.833520 8.000000 
0.881450 0.774470 8.000000 
0.916030 0.822100 8.000000 
0.901620 0.844340 8.000000 
0.883690 0.848170 8.000000 
0.979200 0.834740 8.000000 
0.909900 0.698940 8.000000 
1.022100 0.774760 8.000000 
0.886760 0.840320 8.000000 
0.925240 0.817650 8.000000 
0.970780 0.800220 8.000000 
1.022100 0.819540 8.000000 
0.913580 0.850540 8.000000 
0.864660 0.806880 8.000000 
0.935930 0.766070 8.000000 
0.840970 0.791940 8.000000 
0.887750 0.790710 8.000000 
0.912160 0.840100 8.000000 
0.966610 0.818440 8.000000 
0.964270 0.824490 8.000000 
0.898770 0.806610 8.000000 
0.941320 0.783800 8.000000 
0.885630 0.802730 8.000000 
0.929570 0.809690 8.000000 
0.985650 0.737470 8.000000 
0.907010 0.808000 8.000000 
0.886560 0.841480 8.000000 
0.877640 0.795070 8.000000 
0.932040 0.870320 8.000000 
0.959810 0.825070 8.000000 
0.995060 0.781200 8.000000 
0.902420 0.793120 8.000000 
0.907290 0.787690 8.000000 
0.871700 0.810780 8.000000 
0.972090 0.833750 8.000000 
0.896630 0.786950 8.000000 
0.878840 0.820500 8.000000 
0.997680 0.878500 8.000000 
0.936220 0.841660 8.000000 
0.932040 0.836910 8.000000 
0.855030 0.763560 8.000000 
0.919410 0.776110 8.000000 
0.923260 0.810850 8.000000 
0.851150 0.795500 8.000000 
0.889900 0.727330 8.000000 
0.232270 0.524660 1.000000 
0.345890 0.618480 5.000000 
0.266100 0.622440 1.000000 
0.392950 0.603710 5.000000 
0.200630 0.607060 1.000000 
0.320070 0.576390 1.000000 
0.300030 0.632340 1.000000 
0.266180 0.561990 1.000000 
0.318080 0.564380 1.000000 
0.264500 0.632440 1.000000 
0.338450 0.675420 5.000000 
0.302990 0.582720 1.000000 
0.226680 0.577410 1.000000 
0.191560 0.618250 1.000000 
0.287310 0.647960 1.000000 
0.351240 0.643290 5.000000 
0.308100 0.612080 1.000000 
0.302430 0.571630 1.000000 
0.330760 0.628160 1.000000 
0.237680 0.596460 1.000000 
0.363740 0.661580 5.000000 
0.260030 0.537020 1.000000 
0.301690 0.606320 1.000000 
0.283740 0.657680 1.000000 
0.306690 0.577870 1.000000 
0.213040 0.572060 1.000000 
0.368150 0.558250 5.000000 
0.324410 0.587540 1.000000 
0.389890 0.591030 5.000000 
0.363360 0.606120 5.000000 
0.300510 0.560500 1.000000 
0.258000 0.603690 1.000000 
0.222230 0.572990 1.000000 
0.300760 0.583510 1.000000 
0.309800 0.562520 1.000000 
0.346770 0.587370 5.000000 
0.257470 0.759650 3.000000 
0.335540 0.752390 3.000000 
0.303190 0.651290 1.000000 
0.265400 0.635210 1.000000 
0.334620 0.542840 5.000000 
0.311880 0.573860 1.000000 
0.289490 0.572300 1.000000 
0.383960 0.623940 5.000000 
0.327250 0.621600 1.000000 
0.295070 0.604850 1.000000 
0.312410 0.584780 1.000000 
0.303890 0.558590 1.000000 
0.307760 0.600240 1.000000 
0.320290 0.650940 1.000000 
0.273010 0.619110 1.000000 
0.264360 0.608100 1.000000 
0.316130 0.629400 1.000000 
0.384300 0.626130 5.000000 
0.286280 0.527710 1.000000 
0.254710 0.600840 1.000000 
0.289330 0.580950 1.000000 
0.278350 0.509040 1.000000 
0.285360 0.540590 1.000000 
0.321270 0.585690 1.000000 
0.294190 0.636910 1.000000 
0.273420 0.589750 1.000000 
0.280150 0.611730 1.000000 
0.240850 0.559840 1.000000 
0.261560 0.503520 1.000000 
0.236810 0.604200 1.000000 
0.276920 0.557460 1.000000 
0.251470 0.652440 1.000000 
0.268370 0.677600 1.000000 
0.286510 0.583380 1.000000 
0.246310 0.653350 1.000000 
0.299130 0.642650 1.000000 
0.315220 0.536720 1.000000 
0.256920 0.598510 1.000000 
0.349820 0.611680 5.000000 
0.229070 0.623390 1.000000 
0.282480 0.630270 1.000000 
0.233600 0.630160 1.000000 
0.284590 0.630340 1.000000 
0.240790 0.586020 1.000000 
0.274290 0.616960 1.000000 
0.266870 0.499250 1.000000 
0.247010 0.547750 1.000000 
0.207660 0.653750 1.000000 
0.325270 0.570450 1.000000 
0.389450 0.614650 5.000000 
0.399430 0.667450 5.000000 
0.277990 0.560250 1.000000 
0.297940 0.557100 1.000000 
0.279170 0.577960 1.000000 
0.303400 0.619720 1.000000 
0.258910 0.590840 1.000000 
0.214160 0.556270 1.000000 
0.298370 0.529660 1.000000 
0.245210 0.583440 1.000000 
0.214920 0.590110 1.000000 
0.406180 0.576060 5.000000 
0.289560 0.588280 1.000000 
0.318060 0.551010 1.000000 
0.353330 0.624560 5.000000 
0.302750 0.164500 2.000000 
0.406470 0.224190 2.000000 
0.429920 0.175000 2.000000 
0.362040 0.288390 6.000000 
0.397450 0.224360 2.000000 
0.413050 0.193830 2.000000 
0.372510 0.227720 2.000000 
0.399390 0.199750 2.000000 
0.418430 0.249520 2.000000 
0.358090 0.191700 2.000000 
0.437350 0.149850 2.000000 
0.448950 0.211020 2.000000 
0.414360 0.269810 2.000000 
0.400680 0.146490 2.000000 
0.347920 0.189160 2.000000 
0.422130 0.244940 2.000000 
0.345630 0.114130 2.000000 
0.471140 0.227970 2.000000 
0.423540 0.233670 2.000000 
0.411840 0.209550 2.000000 
0.382400 0.165550 2.000000 
0.302670 0.199680 2.000000 
0.346530 0.204170 2.000000 
0.416340 0.241830 2.000000 
0.507890 0.229670 2.000000 
0.433100 0.184340 2.000000 
0.413850 0.272440 2.000000 
0.375760 0.197730 2.000000 
0.405470 0.163660 2.000000 
0.443030 0.180390 2.000000 
0.388640 0.238400 2.000000 
0.484600 0.208730 2.000000 
0.345430 0.239750 2.000000 
0.383170 0.203100 2.000000 
0.402340 0.311210 6.000000 
0.312620 0.125510 2.000000 
0.425290 0.181400 2.000000 
0.403480 0.196230 2.000000 
0.403610 0.203990 2.000000 
0.435540 0.265120 2.000000 
0.446680 0.209810 2.000000 
0.435870 0.194860 2.000000 
0.379030 0.203070 2.000000 
0.397920 0.233610 2.000000 
0.415810 0.169170 2.000000 
0.343790 0.220160 2.000000 
0.353670 0.130010 2.000000 
0.380910 0.196480 2.000000 
0.403470 0.157880 2.000000 
0.480090 0.170800 2.000000 
0.435650 0.212640 2.000000 
0.380210 0.149680 2.000000 
0.371870 0.155770 2.000000 
0.468590 0.132210 2.000000 
0.522250 0.100340 2.000000 
0.407490 0.193220 2.000000 
0.378580 0.252000 2.000000 
0.336820 0.191860 2.000000 
0.443600 0.189540 2.000000 
0.412960 0.153190 2.000000 
0.452120 0.270810 2.000000 
0.359360 0.188850 2.000000 
0.410760 0.257870 2.000000 
0.370750 0.216190 2.000000 
0.457020 0.188240 2.000000 
0.375350 0.248390 2.000000 
0.396090 0.243940 2.000000 
0.384450 0.195020 2.000000 
0.444450 0.257960 2.000000 
0.419160 0.279660 2.000000 
0.355090 0.197070 2.000000 
0.371710 0.188570 2.000000 
0.353230 0.218100 2.000000 
0.422620 0.215730 2.000000 
0.414850 0.236110 2.000000 
0.326860 0.188570 2.000000 
0.314720 0.231980 2.000000 
0.398190 0.246890 2.000000 
0.431180 0.207940 2.000000 
0.407550 0.206860 2.000000 
0.330960 0.143900 2.000000 
0.330600 0.147550 2.000000 
0.438780 0.134640 2.000000 
0.393500 0.144350 2.000000 
0.382730 0.193060 2.000000 
0.458860 0.127780 2.000000 
0.364380 0.300450 6.000000 
0.406060 0.233060 2.000000 
0.418680 0.107530 2.000000 
0.436670 0.148370 2.000000 
0.361790 0.195210 2.000000 
0.415980 0.123400 2.000000 
0.522920 0.179430 2.000000 
0.332340 0.248790 2.000000 
0.419410 0.192670 2.000000 
0.389720 0.196990 2.000000 
0.363010 0.155210 2.000000 
0.362790 0.175150 2.000000 
0.422270 0.139560 2.000000 
0.503560 0.216290 2.000000 
