0.383440 0.419740 
0.369650 0.373730 
0.351070 0.380400 
0.417420 0.430760 
0.446680 0.421890 
0.423560 0.421850 
0.365210 0.355730 
0.364350 0.378510 
0.433070 0.448480 
0.355520 0.412970 
0.386420 0.405920 
0.354390 0.417560 
0.384670 0.391250 
0.396660 0.385190 
0.408340 0.382880 
0.430450 0.405300 
0.416140 0.413620 
0.392550 0.417210 
0.444020 0.359970 
0.361490 0.440700 
0.395380 0.398570 
0.376070 0.410600 
0.404300 0.390430 
0.439110 0.387380 
0.352430 0.444630 
0.413870 0.352370 
0.364080 0.381790 
0.383460 0.362270 
0.386560 0.430120 
0.397460 0.408420 
0.363000 0.441430 
0.427240 0.392660 
