0.159987 0.639998 
0.200005 0.199995 
0.200005 0.199995 
0.599995 0.599997 
0.599995 0.599997 
0.599995 0.599997 
0.200005 0.199995 
0.200005 0.199995 
0.599995 0.599997 
0.159987 0.639998 
0.266667 0.533332 
0.159987 0.639998 
0.200005 0.199995 
0.200005 0.199995 
0.600005 0.200013 
0.600005 0.200013 
0.599995 0.599997 
0.159987 0.639998 
0.600005 0.200013 
0.159987 0.639998 
0.266667 0.533332 
0.159987 0.639998 
0.266667 0.533332 
0.600005 0.200013 
0.159987 0.639998 
0.600005 0.200013 
0.200005 0.199995 
0.200005 0.199995 
0.159987 0.639998 
0.266667 0.533332 
0.159987 0.639998 
0.600005 0.200013 
