-0.098261170000054 100.000000000000000 
 1.000102899999470 100.000000000000000 
-0.898161700000173 100.000000000000000 
 0.999737100000250 100.000000000000000 
-0.301475499999839 100.000000000000000 
 0.200283599999977 100.000000000000000 
 0.900510000000119 100.000000000000000 
 0.099350549999992 100.000000000000000 
-0.898769299999933 100.000000000000000 
 0.100070050000009 100.000000000000000 
-0.198559499999991 100.000000000000000 
 0.598620100000010 100.000000000000000 
-0.899124599999984 100.000000000000000 
 1.001155299999991 100.000000000000000 
-0.902539699999973 100.000000000000000 
-0.701774099999986 100.000000000000000 
 0.900119999999992 100.000000000000000 
-0.300637800000011 100.000000000000000 
-0.199758000000003 100.000000000000000 
 0.501302100000043 100.000000000000000 
 0.298614699999973 100.000000000000000 
 0.198568299999997 100.000000000000000 
-0.899396499999991 100.000000000000000 
 0.201799100000000 100.000000000000000 
-0.399197599999991 100.000000000000000 
 0.099381029999999 100.000000000000000 
 0.600300099999993 100.000000000000000 
-0.501337000000004 100.000000000000000 
 0.799386999999992 100.000000000000000 
-0.099150410000000 100.000000000000000 
 0.599525600000000 100.000000000000000 
-0.500285399999984 100.000000000000000 
 0.299391999999999 100.000000000000000 
-0.299733499999997 100.000000000000000 
-0.099052319999999 100.000000000000000 
-0.599866500000006 100.000000000000000 
 0.999443000000001 100.000000000000000 
 0.699442800000008 100.000000000000000 
-0.897736700000004 100.000000000000000 
 0.600059700000001 100.000000000000000 
 0.400209999999997 100.000000000000000 
 0.899616900000002 100.000000000000000 
-0.500029099999997 100.000000000000000 
 0.599485499999992 100.000000000000000 
-0.600620800000005 100.000000000000000 
-0.499292700000000 100.000000000000000 
-0.298722999999999 100.000000000000000 
 0.400613199999995 100.000000000000000 
 0.601120399999996 100.000000000000000 
-0.600350299999999 100.000000000000000 
-0.799971699999999 100.000000000000000 
 0.499068600000000 100.000000000000000 
 1.000113999999999 100.000000000000000 
-0.299087800000002 100.000000000000000 
-0.099175260000000 100.000000000000000 
-0.300595600000000 100.000000000000000 
 0.799379499999999 100.000000000000000 
 0.398957200000000 100.000000000000000 
 0.001272511560000 100.000000000000000 
-0.199765700000001 100.000000000000000 
 0.200233200000000 100.000000000000000 
-0.100350380000000 100.000000000000000 
 0.300118799999999 100.000000000000000 
 0.999767600000002 100.000000000000000 
 0.998639899999997 100.000000000000000 
 0.099846180000000 100.000000000000000 
-0.700981000000002 100.000000000000000 
-0.600251199999998 100.000000000000000 
-0.101315470000000 100.000000000000000 
-0.299685799999999 100.000000000000000 
 0.801082199999999 100.000000000000000 
-0.398270599999999 100.000000000000000 
 0.398506100000000 100.000000000000000 
-0.799635400000000 100.000000000000000 
 0.699973199999998 100.000000000000000 
 0.301268399999999 100.000000000000000 
 0.000210661910001 100.000000000000000 
 0.699828300000000 100.000000000000000 
 0.398741300000002 100.000000000000000 
-0.599245700000001 100.000000000000000 
 0.699733199999998 100.000000000000000 
 0.400071600000001 100.000000000000000 
-0.900373900000001 100.000000000000000 
-0.501243900000001 100.000000000000000 
-0.499779500000003 100.000000000000000 
-0.701273499999998 100.000000000000000 
 0.799742300000000 100.000000000000000 
-0.199811000000001 100.000000000000000 
-0.001072850700000 100.000000000000000 
-0.699671800000003 100.000000000000000 
 0.000047640500000 100.000000000000000 
 0.699852600000001 100.000000000000000 
 1.000624400000000 100.000000000000000 
-0.099789170000000 100.000000000000000 
 0.000736859360000 100.000000000000000 
 0.699331700000000 100.000000000000000 
-0.000207988808000 100.000000000000000 
-0.900147800000000 100.000000000000000 
 0.100235190000000 100.000000000000000 
-0.001542596400000 100.000000000000000 
 0.799780000000002 100.000000000000000 
 0.599613000000002 100.000000000000000 
-0.398794600000000 100.000000000000000 
-0.599455300000000 100.000000000000000 
 0.599624700000001 100.000000000000000 
 0.499789800000000 100.000000000000000 
 0.999302400000000 100.000000000000000 
 0.600329100000000 100.000000000000000 
-0.200833200000000 100.000000000000000 
-0.399125500000000 100.000000000000000 
 0.300139600000000 100.000000000000000 
 0.799709500000000 100.000000000000000 
 0.599296000000000 100.000000000000000 
 0.200410200000000 100.000000000000000 
-0.700568000000000 100.000000000000000 
 0.801181599999997 100.000000000000000 
-0.498672300000000 100.000000000000000 
-0.498974400000000 100.000000000000000 
 0.800411200000000 100.000000000000000 
 0.500260800000000 100.000000000000000 
 0.498973400000000 100.000000000000000 
-0.399670200000000 100.000000000000000 
-0.599593500000000 100.000000000000000 
 1.000127500000001 100.000000000000000 
 0.498857800000000 100.000000000000000 
 1.000305700000000 100.000000000000000 
-0.900014300000000 100.000000000000000 
-0.699194200000000 100.000000000000000 
-0.498679200000000 100.000000000000000 
-0.799929200000000 100.000000000000000 
 0.000197459400000 100.000000000000000 
-0.399651000000000 100.000000000000000 
 0.199687200000000 100.000000000000000 
 0.500207199999999 100.000000000000000 
 0.299813100000001 100.000000000000000 
 0.299306100000000 100.000000000000000 
 1.000128000000000 100.000000000000000 
 0.201557700000000 100.000000000000000 
-0.200490300000000 100.000000000000000 
-0.399906200000000 100.000000000000000 
-0.899751600000000 100.000000000000000 
 0.000209140792079 101.000000000000000 
 0.301685400000000 100.000000000000000 
 0.599484500000000 100.000000000000000 
 0.298958700000000 100.000000000000000 
-0.098163110000000 100.000000000000000 
 0.501137200000000 100.000000000000000 
-0.899157500000000 100.000000000000000 
-0.199310500000000 100.000000000000000 
 0.799936200000000 100.000000000000000 
-0.300094300000000 100.000000000000000 
-0.599080800000000 100.000000000000000 
-0.399867600000000 100.000000000000000 
 0.300642100000000 100.000000000000000 
 1.000101000000000 100.000000000000000 
-0.201021300000000 100.000000000000000 
-0.201360600000000 100.000000000000000 
-0.799933300000000 100.000000000000000 
-0.200808500000000 100.000000000000000 
-0.701160400000000 100.000000000000000 
-0.899845200000000 100.000000000000000 
-0.898705300000000 100.000000000000000 
 0.401091800000000 100.000000000000000 
 1.000850500000000 100.000000000000000 
-0.599435200000000 100.000000000000000 
-0.400521300000000 100.000000000000000 
-0.398886000000000 100.000000000000000 
-0.499843500000000 100.000000000000000 
 0.099739260000000 100.000000000000000 
 0.301230700000000 100.000000000000000 
 0.800664200000000 100.000000000000000 
-0.299484300000000 100.000000000000000 
-0.798859700000000 100.000000000000000 
-0.101774620000000 100.000000000000000 
-0.799875499999999 100.000000000000000 
 1.000741900000000 100.000000000000000 
 0.099907800000000 100.000000000000000 
-0.799168199999999 100.000000000000000 
 0.500266500000000 100.000000000000000 
-0.100352970000000 100.000000000000000 
 0.900068600000001 100.000000000000000 
 0.700847100000001 100.000000000000000 
 0.600928100000000 100.000000000000000 
-0.399717500000000 100.000000000000000 
 0.000329264908000 100.000000000000000 
 0.699423200000000 100.000000000000000 
 0.899173500000000 100.000000000000000 
-0.001636071500000 100.000000000000000 
 0.300280300000000 100.000000000000000 
-0.799091200000000 100.000000000000000 
-0.600010300000000 100.000000000000000 
 0.599350400000000 100.000000000000000 
 0.800317000000000 100.000000000000000 
 0.100558920000000 100.000000000000000 
 0.200234200000000 100.000000000000000 
-0.801377000000001 100.000000000000000 
-0.799527800000000 100.000000000000000 
-0.400857900000000 100.000000000000000 
 0.700848900000000 100.000000000000000 
 0.798811200000000 100.000000000000000 
-0.101068450000000 100.000000000000000 
 0.900713300000000 100.000000000000000 
 0.100147740000000 100.000000000000000 
-0.896719300000001 100.000000000000000 
 0.200280800000000 100.000000000000000 
-0.099890150000000 100.000000000000000 
 0.699404000000001 100.000000000000000 
 0.699378500000001 100.000000000000000 
-0.697449000000000 100.000000000000000 
-0.100132140000000 100.000000000000000 
 0.500047200000000 100.000000000000000 
 0.198820700000000 100.000000000000000 
 0.899927200000000 100.000000000000000 
 0.400474200000000 100.000000000000000 
 0.400147100000000 100.000000000000000 
-0.399642600000000 100.000000000000000 
-0.497347200000000 100.000000000000000 
-0.098267490000000 100.000000000000000 
 0.601080599999999 100.000000000000000 
-0.100535550000000 100.000000000000000 
-0.599697400000000 100.000000000000000 
 0.200902300000000 100.000000000000000 
 0.800859500000000 100.000000000000000 
-0.401435499999999 100.000000000000000 
 0.201112100000000 100.000000000000000 
 0.499221100000000 100.000000000000000 
-0.298793400000000 100.000000000000000 
 0.499617300000000 100.000000000000000 
 0.100873360000000 100.000000000000000 
 0.500399400000000 100.000000000000000 
 0.201740200000000 100.000000000000000 
 0.400481100000000 100.000000000000000 
-0.098845650000000 100.000000000000000 
 0.900493800000000 100.000000000000000 
-0.699607900000000 100.000000000000000 
-0.500782100000000 100.000000000000000 
-0.800988800000000 100.000000000000000 
-0.799639600000000 100.000000000000000 
-0.500494200000000 100.000000000000000 
-0.501101600000000 100.000000000000000 
 0.899255400000000 100.000000000000000 
-0.401711700000000 100.000000000000000 
 0.400769700000000 100.000000000000000 
 1.001614200000000 100.000000000000000 
-0.601449100000000 100.000000000000000 
-0.800366900000000 100.000000000000000 
 0.199193700000000 100.000000000000000 
 0.000467282351980 100.000000000000000 
 0.400681100000000 100.000000000000000 
-0.699596400000000 100.000000000000000 
-0.601116200000000 100.000000000000000 
 0.901650600000000 100.000000000000000 
-0.198536100000000 100.000000000000000 
-0.901085299999999 100.000000000000000 
 0.300179900000000 100.000000000000000 
 0.399245800000000 100.000000000000000 
 0.100010390000000 100.000000000000000 
-0.901624800000000 100.000000000000000 
-0.598964200000000 100.000000000000000 
 0.800116700000000 100.000000000000000 
-0.499327500000000 100.000000000000000 
-0.698545100000000 100.000000000000000 
-0.301343000000000 100.000000000000000 
-0.000077870410000 100.000000000000000 
 0.300732300000000 100.000000000000000 
-0.302188200000000 100.000000000000000 
 0.498189900000000 100.000000000000000 
 0.901170600000000 100.000000000000000 
-0.699548899999999 100.000000000000000 
 1.001075400000000 100.000000000000000 
-0.799826000000000 100.000000000000000 
 0.199776100000000 100.000000000000000 
 0.499490800000000 100.000000000000000 
 0.099857580000000 100.000000000000000 
-0.000527242300000 100.000000000000000 
 0.398376100000000 100.000000000000000 
-0.300563300000000 100.000000000000000 
 0.100024170000000 100.000000000000000 
 0.702421900000000 100.000000000000000 
 0.400765300000000 100.000000000000000 
 0.200875500000000 100.000000000000000 
 0.601389700000000 100.000000000000000 
 0.501269300000000 100.000000000000000 
-0.300725000000000 100.000000000000000 
 0.299118700000000 100.000000000000000 
 0.900983200000000 100.000000000000000 
-0.499747900000000 100.000000000000000 
-0.799305700000000 100.000000000000000 
-0.199358600000000 100.000000000000000 
 0.801298600000000 100.000000000000000 
 0.701136900000000 100.000000000000000 
-0.199547800000000 100.000000000000000 
-0.198983400000000 100.000000000000000 
-0.701250500000000 100.000000000000000 
 0.100441350000000 100.000000000000000 
-0.700039000000000 100.000000000000000 
-0.200727700000000 100.000000000000000 
-0.699528900000000 100.000000000000000 
 0.998801099999999 100.000000000000000 
-0.300294400000000 100.000000000000000 
-0.701003200000000 100.000000000000000 
-0.901108300000000 100.000000000000000 
-0.399426000000000 100.000000000000000 
 0.800596700000000 100.000000000000000 
-0.400996700000000 100.000000000000000 
 0.698275100000000 100.000000000000000 
-0.398413700000000 100.000000000000000 
 0.901667099999999 100.000000000000000 
-0.200198000000000 100.000000000000000 
 0.799822100000000 100.000000000000000 
-0.700459700000000 100.000000000000000 
 0.598906700000000 100.000000000000000 
 0.299594000000000 100.000000000000000 
 0.000305790060000 100.000000000000000 
-0.300316400000000 100.000000000000000 
-0.198973200000000 100.000000000000000 
 0.500782400000000 100.000000000000000 
 0.198903500000000 100.000000000000000 
-0.300210900000000 100.000000000000000 
 0.699686800000000 100.000000000000000 
 0.799647000000000 100.000000000000000 
 0.000293383400000 100.000000000000000 
-0.700591900000000 100.000000000000000 
 0.501032500000000 100.000000000000000 
 0.799517900000000 100.000000000000000 
 0.599772800000000 100.000000000000000 
-0.001925484690000 100.000000000000000 
 0.700808300000000 100.000000000000000 
 0.399547000000000 100.000000000000000 
-0.099542580000000 100.000000000000000 
 0.300439600000000 100.000000000000000 
 0.100655980000000 100.000000000000000 
-0.300385500000000 100.000000000000000 
 0.699089500000000 100.000000000000000 
-0.198202400000000 100.000000000000000 
-0.399567600000000 100.000000000000000 
 0.300862200000000 100.000000000000000 
-0.600557900000000 100.000000000000000 
 0.599802900000000 100.000000000000000 
-0.001455415406000 100.000000000000000 
 0.199274200000000 100.000000000000000 
 0.600229200000000 100.000000000000000 
 0.900117500000000 100.000000000000000 
 0.699934500000000 100.000000000000000 
-0.800537000000000 100.000000000000000 
-0.700411200000000 100.000000000000000 
 0.401204400000000 100.000000000000000 
-0.500039500000000 100.000000000000000 
-0.199471300000000 100.000000000000000 
 0.098751970000000 100.000000000000000 
 0.899404000000000 100.000000000000000 
 0.600897700000000 100.000000000000000 
 0.399381000000000 100.000000000000000 
 0.699835300000000 100.000000000000000 
 0.900024900000000 100.000000000000000 
 0.100785310000000 100.000000000000000 
-0.599767800000000 100.000000000000000 
-0.900819500000000 100.000000000000000 
-0.600694400000000 100.000000000000000 
 1.000973500000000 100.000000000000000 
 0.898665900000002 100.000000000000000 
 0.200526100000000 100.000000000000000 
 0.500868300000000 100.000000000000000 
-0.300984900000000 100.000000000000000 
-0.099019700000000 100.000000000000000 
 0.901918900000000 100.000000000000000 
 0.297958100000000 100.000000000000000 
-0.499586200000000 100.000000000000000 
 0.699617900000000 100.000000000000000 
 0.401381100000000 100.000000000000000 
-0.000563870590000 100.000000000000000 
 0.000209961890000 100.000000000000000 
-0.299509400000000 100.000000000000000 
 0.999309700000000 100.000000000000000 
 0.100852470000000 100.000000000000000 
 0.098645900000000 100.000000000000000 
-0.600092900000000 100.000000000000000 
-0.400015800000000 100.000000000000000 
-0.100352280000000 100.000000000000000 
-0.101382330000000 100.000000000000000 
-0.700282100000000 100.000000000000000 
-0.799798200000000 100.000000000000000 
-0.900365900000000 100.000000000000000 
-0.499792500000000 100.000000000000000 
 0.399469500000000 100.000000000000000 
 0.098794540000000 100.000000000000000 
 0.299301100000000 100.000000000000000 
-0.899147000000000 100.000000000000000 
-0.200555700000000 100.000000000000000 
-0.599021300000000 100.000000000000000 
 0.500469600000000 100.000000000000000 
-0.800071600000000 100.000000000000000 
 0.899168400000000 100.000000000000000 
-0.798490000000000 100.000000000000000 
 0.799918800000000 100.000000000000000 
-0.599619200000000 100.000000000000000 
 0.900512800000000 100.000000000000000 
-0.798508300000000 100.000000000000000 
-0.498797100000000 100.000000000000000 
 0.200830100000000 100.000000000000000 
