 1.875131617646986  1.998915441176215  3.863615616426794  3.290512564540982 
 2.356427272727484  2.638713131313097  3.354516065417815  2.551431747201306 
 1.917921768707824  1.811721768707466  2.141976117621360  2.936431841158778 
 1.461466574074479  2.453940740740699  2.792801068844745  3.303949659451304 
 2.350887500000127  1.800803472222251  2.610955310538194  3.918149729362947 
 3.023917441860509  1.945509302325717  3.531852676788805  3.644814861773933 
 2.846524025974135  1.105679805194818  2.911000451305869  3.373447063927884 
 1.541933599999962  1.971377999999986  3.166700895089040  1.506376338516000 
 2.952170769231124  0.366440546153775  3.403429381453254  2.823754847749201 
 2.566882500000197  1.772537500000007  3.260961308943751  2.161620152343751 
 1.319319941860417  1.717794186046493  2.936630793433134  2.960143275315036 
 1.997325093633042  1.078303558052438  2.376770538433981  3.285514662721796 
 2.228554545454581  0.708382644628111  3.440692986446284  3.458024269607880 
 2.602207070706993  1.389666969696990  1.658141601263136  2.564553921431220 
 1.924598429319439  1.440043455497383  3.318727053871881  2.241973407797483 
 2.263480952380999  1.260518639455796  3.971482266712021  3.556147908048491 
 1.637309210526276  1.385581184210527  3.628452865441483  3.790160370006491 
 2.095961111111068  1.214829537037041  1.183667448858025  2.898675693254415 
 1.192056051660535  0.605709520295199  2.664845667852675  2.799349599438512 
 2.546617857142935  0.544008348214273  2.096403083431123  2.866695136058817 
 1.807856888888846  0.584186666666664  2.602340743608099  2.807367971964445 
 2.112621238938086  0.229873794690256  1.463685879371917  2.807541651422659 
 1.558790454545487  0.917222727272727  2.451448124681610  2.155668192309834 
 0.955576849315067  1.129145616438360  3.404853286143499  3.388823476799963 
 1.637982248520745  1.057767514792879  3.678788482288433  2.601680154835247 
 1.539667999999989  0.824306133333345  3.046353031642668  3.731837853370383 
 1.810121134751782  1.188021560283692  2.849999862563252  1.145126556235864 
 1.557151612903261  0.531265838709701  0.520492878303850  2.718494220622328 
 2.095064285714294  0.265478333452383  3.205105431462584  2.241428176807052 
 1.615434883720912  0.322815662790690  2.319213637899404  2.221847547003524 
 1.349679791666680  1.174413072916664  2.232264785145789  3.265770527306703 
 1.207008048780500  1.281318048780485  3.111652778074240  1.911639094064487 
 2.265537356321860  0.905148793103446  3.441517176363125  2.064247993389922 
 0.706674514516105  1.923009677419383  3.531916001382388  3.241922396357960 
 1.772945161290301  0.169881775268820  3.516417306347555  3.672925040357629 
 1.536680612244923  0.239478256632654  2.260618820644523  3.469238303348209 
 0.774144923076918  0.612506999999985  2.266803642484995  3.527541378993309 
 1.465759259259277 -0.309869796296305  2.915356033340193  2.860184512804217 
 2.179130973451337  0.084277181946905  2.551287216474274  3.589944055643327 
 1.863376027397266  0.676356438356166  1.985195005521204  1.526815598362657 
 1.454797109826593 -0.002040698843933  1.373651128835578  2.770137759465417 
 1.361949732620338  0.230943450802141  3.213823189344849  2.659622069808131 
 1.891761616161634 -0.332127595959590  2.799313641152943  2.198603714141534 
 1.447476666666664  1.621049999999998  1.504733740622223  2.858743956000002 
 1.166303653846134 -0.368858076923079  2.204721549606520  2.067119579866814 
 0.825500738255049 -0.200559712751675  2.768988675551803  2.519470530247756 
 1.073467983870974 -0.141024426612897  2.210005505561255  3.304078769507719 
 1.066057301587303  0.236517119047614  3.285936654521290  3.682289591376514 
 1.189908241758240  0.770762307692308  2.562708426394712  0.747592707956213 
 1.437961761006277  0.665798050314458  3.822720921320168  2.646259011415696 
 0.516491746031738  0.161954434920634  1.917573523329682  0.148359449745290 
 1.178265369127518  0.017546302013422  3.350996273622182  1.871768567176967 
 0.967377234042588  0.230913725531917  0.293846084415754  2.330196257574862 
 1.044101263940522  0.415496356877324  2.682443020194687  1.930011133373345 
-0.389269637681169  0.073627641014492  0.239958043352646  0.665075356218920 
 1.515995049504948  0.582163069306928  3.221044121262618  1.636111241081668 
 1.027673959183658  0.833219061224494  2.113079685547180  2.037792155657487 
 1.236153636363644  0.388370785123966  2.074692616679337  1.375607524506409 
-0.656183186440672  0.064679030474575  0.439522892115270  0.552667563010033 
-0.074368195473244  0.075367403251032  0.377561391525666  0.956731999140519 
 0.783573504065050  0.884565691056913  3.087628669552770  1.963067389925335 
-0.385314574850299  0.057048114251497  0.646696348159753  0.279513706569677 
 1.430202645502653  0.574478888888887  1.393165857823688  1.844462190381307 
 0.742301593750006  1.451672916666670  2.209744711839845  2.824662961766493 
 1.016343508771927  0.842319912280702  1.203532343463128  3.001607410909641 
 1.389351824817509 -0.137688153795619  2.408517203664554  1.395006528702501 
 0.918591345291480 -0.020219200448430  1.688800971330029  2.622197826711772 
 0.671823101265814  0.559386455696205  2.520883041275523  1.407411183292502 
 0.620338770833343  0.322006437499998  3.239728169889218  2.640409861269025 
 1.883659740259751  0.200472088051950  2.676301585002530  1.015229044533480 
 0.656747987421376  0.223269971069183  2.201253914695322  2.085818552966753 
 0.879660991735541  0.258000283719009  2.347520528447777  2.636497819762903 
 1.250363200000003  0.434614435555551  1.760457748874205  2.866738223278877 
 0.410169512315270  0.174683443842365  2.347879964024888  1.623209428068393 
 1.072260069444446  0.246734305555553  0.917029329917356  2.428901490331087 
-0.338177630331753  0.077114926966824  0.535101516250782  0.843395760780887 
 1.151854183673468  0.226621950000003  2.263010096377396  0.690272836772311 
 1.254898406374503  0.138175201195220  2.243605613463597  2.258631547357718 
 0.447654398058258 -0.022408284466021  2.199271239344123  2.832292739756916 
-0.468223068181821  0.238050877840909  0.597145798158769  0.514143406809874 
 1.640876623376621  0.819518311688311  1.552122468934053  3.148759290249097 
 0.308279373926940  0.080387270543379  1.801778161779814  2.087196106872279 
-0.301727437158471  0.018797747404372  0.450464892844454  0.520894820793296 
 0.781223957219250 -0.008888908716577  1.136630027203591  2.167621148859939 
 1.673874125874126 -0.010607933286713  1.696643984994864  1.875002049590254 
 0.846429682539678  0.150429515873015  2.708006711060218  1.284281728613917 
 0.045645424083776  0.083120862303666  1.165931285124958  0.389470442258338 
-0.093798751162791  0.073585391395349  0.646510164617173  0.675095009230943 
 0.338289894941632  0.089891107743191  1.203210968034420  2.032424938513130 
 0.615929531250002  0.221960279166665  1.420838581553425  2.590141865046983 
 0.634732794612793 -0.068852409427609  1.736352839393876  2.056778135152058 
 0.980068581560282  0.383146063829788  1.656015184888058  2.135887604386991 
 0.423869779661022  0.644439576271191  1.875832498986018  2.418128858275245 
 0.610109568345324  0.110681000000001  0.697103965040102  2.059032752646074 
 0.598737670250897  0.321544283154121  1.593717059473066  1.784060775926590 
 1.117783365853653 -0.051222466829269  1.379826842904280  1.757691447121921 
 0.331039381443300  0.100921280419245  1.760573860649790  1.531396610001068 
 0.897550538461547 -0.223301733076925  2.088126538618941  0.933072868965895 
 0.419095751879699  0.049557148195489  2.030112569668043  1.125883266434599 
 0.516693278008299 -0.153098517842323  1.519585868743196  1.429177013141057 
 0.595756458333336  0.334087656249999  1.807815457632247  0.972836422875236 
 0.617510926829270 -0.157943889512194  2.413122740074750  1.709499725313605 
 0.907660701754388  0.487407719298246  1.231559552207695  1.481787804952108 
 0.127986102280131  0.085856980944626  1.488637646332895  0.713802011081556 
 0.964472527881045  0.019246767843866  2.046095602801045  1.785289955810464 
 0.316778261363637  0.104866539772728  0.346125475392079  1.457617971276653 
 0.239183923857868  0.079269489340102  0.809436524945837  1.854532764703765 
-0.488530507462687 -0.069021724757284  0.669095509479444  0.605838223066387 
 0.068349230034130  0.077356036621161  0.680327600924296  1.288681452601176 
 0.382292531249998  0.061304227918750  1.419033727023280  0.982546002687134 
 0.530224980694980  0.141591346718147  1.037498178721524  1.619091257728574 
 0.121380015034168  0.077488862551253  1.546190859807233  1.136005435176121 
 0.798725928338761  0.148097768749186  1.785225898973323  1.397174760268221 
 0.581371818181817  0.055295984220780  1.823551093713577  0.592261446963668 
 0.110796805447471  0.083231063813229  1.424171009299159  1.613084797794877 
-0.100674802189780  0.069674293296837  1.213223727530043  0.981653168829464 
 0.780547892156863  0.042675525784314  1.160484750752909  1.193353424417497 
 0.359930386473431  0.096215119275362  0.913959400450092  0.773108136955426 
-0.322170326086956  0.084431102195652  0.862196379994025  0.806863512749549 
-0.269313543859650  0.066079741228070  0.836820196877014  0.509213773469906 
-0.177995097701150  0.057606997727012  0.720374230116870  1.084652698904009 
-0.021578926968974  0.075477410143198  1.032351302232859  1.308953924631408 
 0.322930585774059  0.091526201673640  0.839292311866603  1.269807399008829 
-0.068855731234867  0.071852368280872  1.076322186102294  0.657080836199868 
 0.224599472868217  0.074106382454780  1.186295670633463  1.440288804784571 
 0.434214852459017  0.192304138688525  1.408025501419730  1.420268353582719 
-0.039265126067416  0.073324104674157  0.867259798496410  0.927209801225412 
 0.148266698005698  0.080943179316239  1.069693783005612  1.029094683426595 
