 2.133546153846041  2.540176923076838  3.399467505562130  2.575007146390533 
 2.274573684210492  1.067836842105240  3.231840359833795  3.978024279242659 
 3.097081818181907  1.888481818181728  3.118514917851240  3.400953506942149 
 2.906955555555577  0.721112777777759  2.801132965802469  3.170643657286728 
 2.223413636363674  0.211192036363649  3.381648142995867  3.262981366968027 
 2.520631250000039  1.370989374999992  1.556727410898437  3.551889172143359 
 2.047766666666728  1.793750000000012  3.167778990555556  1.175012444166666 
 1.260027692307670  2.160976923076923  2.852375352771598  3.659824283313609 
 1.156937826086966  1.436335217391300  1.556176238503970  2.383606027720605 
 1.770842857142867  1.246911428571425  2.619710487448979  1.680133786526531 
 1.807326086956528  1.980600000000000  1.971344181058600  2.886320299130435 
 1.770013043478266  0.878391739130436  4.052629682003780  3.549747035527410 
 1.225124583333335  1.134647916666661  2.682250197149826  3.719501412433159 
 1.031474210526321  0.079800684210528  3.567731103129640  3.107874147868111 
 1.924688235294119  0.007776058823530  2.966815303391003  1.611915976081467 
 1.428906896551719  1.349393103448276  3.468443364090369  2.717325964780025 
 1.697663157894746  0.471789315789478  0.986277797063712  3.566205542892638 
-0.191591285714286  0.025830357142858  1.149546257455776  0.152633273359944 
 1.193129523809525 -0.356639999999997  2.798927592756916  2.567202989152380 
 1.210037647058823  0.275507423529410  0.610433228559170  2.250880097180753 
-0.440415499999994 -0.172010800000001  0.514896311794750  0.550370062698860 
 0.717472380952378  0.668558095238097  1.866249437960998  2.812106415967801 
 0.668883846153850 -0.054179384615386  0.864749982915976  2.366258793504236 
 1.058953333333313  0.830084999999997  2.236147912388889  0.672563272125000 
 1.035433076923074  0.066920476923077  3.284681182175149  1.688163061043378 
 0.973450000000001 -0.446805000000001  2.707013504000000  1.221823311041667 
-0.250731095238096  0.072748714285714  0.219881849917134  0.684890317912775 
 0.571342142857138  0.674355000000000  3.151283152973980  3.570955990139286 
 0.546858124999999  0.125606375000001  0.491212204677734  1.586458278058485 
 0.494858275862070  0.015247724137931  1.654558730448751  1.504129531781372 
 0.518826800000001 -0.027097992000001  2.689087581469760  2.127860025536005 
 1.341368181818183  0.490335454545453  2.465829383987604  1.302238647133884 
 0.556737307692306 -0.031753215384615  2.479730162842751  1.527378382615205 
-0.479248750000001  0.298689583333334  0.450812589194271  0.557961984437326 
 1.350244827586205  0.827897586206899  2.105161100404280  2.299321406439001 
 1.056825384615384 -0.005418230769231  2.460563828101776  0.727782519328024 
 0.461563750000000  0.015915931250001  1.652602422898438  0.575792790970971 
 0.971703043478259  0.400337608695652  1.082707100273346  2.201314886541978 
 0.209563458333333  0.086250541666667  0.559916385169082  1.590540835312332 
 0.791616470588233  0.956145882352941  2.568191292940484  1.898448311788927 
 0.477407777777777  0.136220500000000  0.859995833783950  0.861590189674583 
 0.351072222222224  0.569532222222220  2.795445448906173  1.849756545283950 
 0.118116227272727  0.073180072727272  1.045009940710085  1.595648746168766 
 0.864906190476190  0.209184409523809  1.188990277214059  1.104311209562688 
-0.189376000000000  0.043344521739131  0.936655150750696  0.338378194006684 
 0.245742684210527  0.147831842105263  1.916655299493901  0.936817264295291 
 0.179116285714286  0.067184675000000  1.577046420926776  1.407406108002159 
-0.020497000000000  0.086558500000000  0.408380544458625  1.169585681602625 
-0.151208000000000  0.066699741379310  0.690522826472345  1.178864805563390 
 1.588750000000002  0.466395000000001  3.768224232500000  3.085117851274999 
-0.206113464285714  0.050854789285714  0.523533227466892  0.834475448372952 
-0.351815416666667 -0.021400672916667  0.888978605349827  0.894039524647406 
 0.274798125000000  0.269795625000000  1.187132797415235  1.116770679612110 
 0.244351120000000  0.070478552000000  1.522815972419946  1.873926874970491 
-0.423727142857143  0.255510714285714  0.829637552106122  0.362166957749490 
 1.318652173913043 -0.132393260869565  1.978663584234404  2.412206671890889 
 1.814145833333332  0.888954166666668  2.574837954982640  2.824375921882639 
 0.633129230769230  0.211949538461539  1.769732889714793  2.793037848915017 
-0.432097826086957  0.062091565217391  0.564530815686578  0.898640411656594 
 1.806527272727274  0.019898454545455  1.907467104710744  2.864821495591702 
 0.681743749999999 -0.083339243750000  1.864951587748437  1.036477421205429 
 0.523802500000001  0.081387675000000  1.395551225243750  1.019575104884596 
 0.076879318181818  0.089460772727273  0.732257356112672  1.144446244193176 
 1.001790526315790  0.580621578947368  2.212826288647091  1.941312788013296 
-0.224477500000000  0.142985750000000  0.983037587302083  0.784448616081271 
 2.181231818181820  1.194495454545456  3.834237088533057  2.664926916952066 
 0.102568681818182  0.084373409090909  0.620809839135762  0.767833484797151 
 0.924852142857143  0.279197321428572  1.707098288723979  1.741668537972576 
 0.007987730769231  0.072786330769231  1.060611887905120  0.706109513541108 
 0.208142272727273  0.058294154545455  1.043221936017562  0.967529517834665 
-0.656341250000000  0.049749375000000  0.448135300623438  0.582301158221109 
 2.236700000000002  0.893225000000001  2.798311826666667  2.085192993658333 
 0.350355000000000 -0.122652687500000  1.120454218287500  1.426675945568590 
 1.380859090909092  0.651163636363636  3.089759922417356  2.398451109768596 
 1.900838888888889  1.452822222222222  2.286576684598766  3.321277525061728 
 0.106945700000000  0.067217170000000  1.329113548077910  1.089157873513409 
 1.326078260869567  0.402934782608696  2.335712743440455  3.294764417781476 
 1.022829583333333  0.267779208333333  1.701133033878993  3.109204731995831 
 0.730128750000000 -0.255355437500000  1.796316687610938  2.426421268085746 
 0.322201666666667 -0.290281666666667  1.774628150413889  2.141166483780556 
 0.489593214285714  0.023929357142857  1.564258181193241  2.070377757187258 
 0.778007142857143  0.353632380952381  2.181239721734694  0.890466312741950 
 2.090478260869566  0.504992478260870  1.631246893005671  2.521993613790771 
 1.591169230769230  0.221538430769231  2.662429624437869  2.838558228215307 
 1.221818928571428  0.474986785714286  1.567413822388138  1.656074985864668 
-0.150359692307692  0.106607961538462  0.708820245923982  0.778205638270422 
-0.097236931034483  0.074464551724138  1.217845181109099  0.901442817442662 
 0.701913809523810 -0.020044466666667  1.245432291185488  1.841401023165517 
 0.855940416666666 -0.098768425000000  1.973390134512326  1.642862091667921 
-0.024198800000000  0.070900800000000  0.904825237840427  1.469238259900293 
-0.462749285714286  0.152791571428571  0.805978622949490  0.724674651924816 
-0.245807923076923  0.102199907692308  0.623585553738610  0.511652358339521 
-0.264518636363636  0.028423777272727  0.934211344811777  0.608040566689955 
-0.127781758620690  0.067934793103448  0.944912915819356  1.046157463683682 
 0.198984962962963  0.074941792592593  1.428517232755962  0.808133846861993 
 1.030496666666666  0.077706083333333  2.309845980097223  2.626449232934327 
 1.575796000000000  0.854052000000000  2.112222604384000  3.419240024064000 
 0.317662272727273  0.187479409090909  2.076375935963017  1.452538720597242 
 1.306007692307692  0.144033992307692  2.514910212248521  2.081859428986987 
-0.441145652173913  0.013311776521739  0.716847520989792  0.524503569260870 
-0.226568100000000 -0.022651110000000  0.736383814520590  0.784762652675733 
 0.428650833333333  0.450532500000000  1.187278010724305  2.182606976168750 
 0.593301176470588  0.179722823529412  0.909526573269204  1.685758420613322 
 0.025604585714286  0.075415714285714  0.983300754232928  1.012914582610395 
 0.885265862068966  0.317986206896552  2.394426911334601  2.041194548444233 
-0.334653333333333  0.058334766666667  0.403750696238889  0.655832538293249 
 1.390515000000000  0.019179505000000  1.843449636274999  1.389797850168826 
 0.676498571428571  0.189017333333333  1.761793743678912  1.734563621636698 
 2.196320000000000  1.778193333333334  3.674079049600000  3.323958864622223 
 0.474887058823530  0.463298823529412  1.737535508350173  1.517723258245675 
 0.383085200000000  0.168030132000000  1.286859337472960  1.716006072397034 
 0.322187083333333  0.089914183333333  1.031429574853993  1.413938069056923 
-0.004207687500000  0.049518875000000  1.576794883927465  1.118624597967860 
 0.993842500000000  0.582938333333333  3.163425462368749  2.490770107297223 
 0.326203181818182  0.100034176363636  1.514673256048968  1.111881509276980 
 1.801280000000000  0.939033000000000  1.472901138600000  2.194571748871001 
 0.712770833333333  1.506125000000000  3.220515683440972  2.885209715208333 
 1.757077777777778  0.506248148148148  2.637612204691358  1.998426226889163 
 1.079947777777778 -0.275397472222222  1.760230207750618  2.303439405795568 
 0.622101923076923  0.210755807692308  2.005895359815532  1.296974133086002 
 0.404299166666667  0.300722500000000  2.159923597390972  2.290845037335417 
 0.722166470588235  0.136853184117647  1.664114199246367  2.282008935213570 
 0.017323821428571  0.076772321428571  1.156632809384219  1.285052117234218 
 0.030595600000000  0.085165784666667  1.119545124045573  0.476244114886850 
-0.577723846153846  0.149598461538462  0.678325608146746  0.478049299296249 
 2.611217647058823  1.436558823529412  2.962791403806228  2.439689536539793 
 1.909218181818181  0.669866363636364  2.334128256033058  1.144691465004958 
 2.078583333333333  0.489966666666667  2.693160091388889  2.515229143838889 
