 1.763149999999817  2.451519999999965  3.742281970500000  3.263620967600001 
 2.992049999999866  2.068442857142866  3.044664401071429  3.094567463877551 
 3.123963636363491  0.870710909090953  2.919743718677686  3.327170358535537 
 1.971968181818168  0.822243636363631  4.342966892169420  3.466207928214048 
 2.501224999999982  1.318509583333339  3.239711244375000  2.477677154862326 
 1.348356521739077  1.490356521739131  3.023560339848771  3.509476672892250 
 2.621239999999975  1.535114000000005  1.324959580400000  3.508626208964001 
 2.034749999999964  1.788494444444436  3.101460849166666  1.372085230524691 
 0.509742857142786  0.720693571428563  3.178692358634694  3.513086886865817 
 1.716645454545451  0.108272909090904  1.315255795206612  3.071801175585355 
 1.786759999999995  0.430789199999999  2.730117987199999  2.145969910623360 
 1.706416666666662  1.004466666666666  0.823113093055555  3.538435985355556 
 1.020409130434778  0.084283695652169  2.402192727225330  2.662888806500733 
 1.176284210526318  0.167456115789471  0.626230809508587  2.093239354190473 
 1.023886521739142 -0.007162478260868  3.583777192083553  2.932907102340075 
 1.860182352941171  0.088018688235296  2.263788136747404  2.959996313129626 
 0.012740000000004  0.008985600000000  1.533519000960000  0.078342041273040 
-0.482568518518516  0.322582962962962  0.501636432027435  0.523908292494925 
 2.250714285714283  0.047872200000000  3.345612611224489  2.021504007184149 
 1.612670000000006  0.923487499999997  2.069041860100000  3.479066309898750 
 1.779776470588228  1.012671176470588  2.641396840622837  1.171666947410381 
 0.834124090909092  1.060417272727273  2.496529468378718  1.864317381892562 
 1.030408571428570  0.438817428571428  1.137572411755102  2.282093174402721 
 0.548683333333334  0.141520999999998  0.435388272222222  1.576670737682833 
 0.408772500000000  0.012632144999998  2.473558382918751  2.305735908753300 
 0.659105909090909  0.148446915000001  1.655622634596901  2.441437261353984 
-0.248741954545454  0.075770500000000  0.230557550542771  0.701890132626523 
 0.644743846153841  0.407939230769231  3.154069666992898  1.659065495499408 
 0.905351785714285  0.255941321428571  1.323625787793240  1.367778512230718 
 0.212215650000000  0.088827550000001  0.523609959445328  1.548135033937348 
 1.024950999999998  0.545462000000000  2.894880110029001  2.246349945276000 
 1.211706399999999  0.047710936000001  2.980593205783039  1.804788091092674 
 1.191450999999999  1.422625499999998  1.441367965699000  2.663522751854750 
 1.493276190476191  0.076904290476191  2.042970496099772  1.308078386079755 
 0.946371428571426 -0.059679500000000  2.341288351283674  0.638365814995821 
-0.599120000000000  0.039196913043478  0.432234887843478  0.561728236188340 
-0.280423750000001  0.200241875000000  0.956234512635937  0.769388068327734 
 0.259233125000001  0.125116500000000  0.657148618196484  0.774342769368250 
 0.465051999999999  0.434475000000000  1.124074785916000  2.110408050845000 
 0.686169285714286  0.000826346428571  2.816015687313775  1.683024475480189 
 0.552000400000000  0.098666824000000  1.103889497363840  0.852247442383223 
 0.734544799999999  0.439146000000000  1.852636430344960  1.663934559447999 
 0.266699533333334  0.092802393333333  1.493052310194248  0.562197298878233 
 0.752210999999999  0.677584000000000  1.821372984179000  2.855872167534000 
 0.936113529411763  0.557910588235293  2.476962672693426  0.868743621005536 
 1.541358823529414 -0.254101658823529  2.591707856539793  2.164084132984192 
-0.373752400000000  0.078259400000000  0.425537826034240  0.796408869542121 
-0.441157857142857  0.177138857142857  0.926263804116837  0.401540880182551 
-0.125380050000000  0.066349025000000  0.792678096631247  1.278020103549762 
-0.006452000000000  0.092674727272727  0.369944220630727  1.224949638446017 
 1.784160869565220  0.320710304347826  3.575146178903591  3.165003874846385 
 0.760001499999999  0.197920400000000  1.751867214232750  0.917889989888340 
 0.145034681818182  0.071116981818182  1.217785266175763  1.381735366923480 
 0.743610666666666 -0.130969460000000  2.066790694886222  1.051674626982909 
-0.189215964285714  0.074919357142857  0.584903436945749  0.693632849130680 
 0.246371851851852  0.104894237037037  1.076252309466941  1.050578818870320 
 0.940711333333333  0.254894133333333  2.132742319418222  1.875882255486115 
 0.060179360000000  0.084250240000000  1.311760010616710  1.022248167369223 
 0.464672333333334  0.143058733333333  1.379526900471222  1.534527346706329 
 0.010267550000000  0.082117300000000  0.588490747971948  0.864831232758410 
-0.514531578947369  0.024326168421053  0.790856909571191  0.712821397200052 
-0.293510000000000 -0.015147828260870  0.934132905869565  0.895909835713942 
 1.246088124999997  0.374483125000000  2.408278687490235  3.790182379708984 
 0.768050666666667 -0.219483133333333  1.721546004952889  2.513399759098515 
 0.182679090909091  0.107559181818182  1.803750809635537  1.426085490113421 
 0.682840370370370  0.005803777777778  1.041055879122085  2.060588122990469 
 0.318738095238095  0.056568271428571  1.080852111653514  1.447084515022272 
 1.793696551724137  1.973544827586207  2.090200095505351  2.831778320404281 
 1.837600000000000  1.032491153846154  1.773895030000000  2.025073236694823 
 1.224787500000000 -0.403102500000000  2.805678012818750  1.202855607143750 
 0.950341052631579 -0.194314421052631  1.847176688893629  1.632670061840243 
 0.183798260869565  0.065681891304348  1.386305042558367  0.819615754160474 
 0.993861428571429  0.202032714285714  1.626962003426531  2.767718639618704 
-0.392852857142857 -0.170753523809524  0.527745662801360  0.565705614118440 
 1.283930769230768  0.913356538461538  2.169128963668639  2.432362684722634 
 1.356796296296295  0.489875185185185  2.125763600356653  1.376467229299039 
 1.168620000000000  0.506389565217391  1.703642581504347  1.898270432769376 
-0.024291565217391  0.072211500000000  0.891314188001637  0.705752400884152 
-0.355348750000000  0.019823562500000  0.686979942335938  0.237641949866496 
 0.447245000000000  0.554387500000000  1.782595566525000  0.999285039793750 
-0.079775181818182  0.074110272727273  1.180436242689239  0.373874282342016 
 0.699083793103448  0.084950993103448  1.965260993106302  1.610326636703518 
-0.288455000000000  0.104287900000000  0.624876663108333  0.515820740806497 
 2.161670588235294  1.743123529411765  3.534007579723183  3.398158006505191 
 0.336809375000000  0.318693750000000  2.067230201493360  1.537651264660938 
 0.068872111111111  0.075460166666667  1.014429993934432  0.952216065723139 
 2.213120000000000  1.144563000000000  3.226237069599999  4.011538524921001 
 0.291388076923077  0.124264269230769  1.503355160053994  1.108283524625043 
 1.705380769230769  1.309607692307692  3.505508268476332  2.357606949940829 
 0.415187500000000  0.084836750000000  1.405340243988750  2.171074239058087 
 0.532676086956522  0.013472139130435  1.464104696971644  1.122161621692948 
-0.235744444444444  0.026400847037037  0.915439448333950  0.619517135043319 
-0.139632000000000  0.067904200000000  1.072414680155100  1.097119071215360 
 2.103240000000000  0.546913480000000  1.653638003200000  2.582162065577849 
 1.405448000000000  0.139783060000000  2.343031670496000  2.659089892142640 
 0.046711703846154  0.071559346153846  0.812975374536754  1.207053799119072 
 2.424624000000000  0.579012920000000  2.702339166624000  2.962965255490234 
 0.506337333333334 -0.131040466666667  2.195243868046223  1.495874119055582 
 0.138982428571429  0.080894000000000  0.874996184461769  1.643220725081238 
 0.906694285714286  2.327314285714286  2.695883315967347  3.184533052653062 
 0.595347391304348  0.380763913043478  2.205165604749717  2.425408672597733 
 0.519832105263158  0.209721789473684  0.819521058669252  1.480518821985219 
-0.083929655172414  0.080880482758621  1.194959409191123  0.790154034960733 
 1.371514444444445  0.775204444444444  3.602341329991357  2.560496237313581 
 1.390247826086957  0.871293478260870  3.225719448582230  3.708950922413987 
 2.013863636363637  0.742200454545454  2.821933873223140  1.762866560495248 
 1.253711904761905 -0.089468214285714  1.729409649977324  2.300783318822871 
 0.371533636363636 -0.180114090909091  1.041127753004959  1.506446706296082 
 2.113546666666667  1.279912000000001  2.094689637155556  3.328375880949332 
 1.825595833333334  0.898540833333333  2.732834351232639  2.776655062532639 
-0.412431500000000  0.076653965000000  0.653849429882750  0.882632217158583 
 0.258273187500000  0.112964312500000  1.930969335768652  0.878970641936965 
 0.514004000000000 -0.002687626666667  1.693518438364001  1.831613440227388 
 0.236346714285714 -0.024037701428571  1.496497744337490  1.261538155775664 
-0.107403333333333  0.075748337037037  0.883194729688223  0.945558932121576 
 0.788810769230769  1.352792307692307  3.112198029237871  2.977355820710060 
 1.505908695652173  0.557633478260870  2.158434163402647  2.864507337092249 
 1.389277272727273  0.410760909090909  2.876173390847108  2.215293729553719 
-0.005481200000000  0.053460000000000  1.581809073683227  1.124929836592667 
-0.041826375000000  0.062739375000000  0.682419820423234  0.386260844526234 
-0.464438000000000  0.067528330400000  0.678638201160000  0.503977831830598 
 0.517480869565217  0.191992869565217  1.954347596747070  1.316567330504374 
 0.238482689655172  0.088948406896552  1.495804813922076  1.817837878196176 
-0.011018909090909  0.071534545454545  1.127193594643174  1.364687170704521 
 1.086087727272727 -0.331910000000000  2.248741725863017  2.495119436509091 
 0.550257000000000 -0.412085000000000  1.913564689161000  1.936929205125000 
-0.166530956521739  0.057015978260870  0.556307626611781  1.068670725295370 
-0.236641500000000  0.033298635000000  0.683990121262750  0.884023975197941 
