 0.006900862334594  2.000000000000000 
 0.006900360772162  2.000000000000000 
 0.006900360772162  2.000000000000000 
 0.006331173156531  3.000000000000000 
 0.006294078357256  3.000000000000000 
 0.006292705295840  3.000000000000000 
 0.006292705295840  3.000000000000000 
 0.005979393779508  4.000000000000000 
 0.002127575942548  4.000000000000000 
 0.002094694270227  4.000000000000000 
 0.002094694270227  4.000000000000000 
 0.001752962827537  5.000000000000000 
 0.001750520303675  5.000000000000000 
 0.001750520303675  5.000000000000000 
 0.001165805034926  6.000000000000000 
 0.001016925581636  6.000000000000000 
 0.001016925581636  6.000000000000000 
 0.000726727284381  7.000000000000000 
 0.000719562524292  7.000000000000000 
 0.000719562524292  7.000000000000000 
 0.000589226367353  8.000000000000000 
 0.000581408501421  8.000000000000000 
 0.000581407327481  8.000000000000000 
 0.000581407327481  8.000000000000000 
 0.000421180953289  9.000000000000000 
 0.000421180953289  9.000000000000000 
 0.000339911586315 10.000000000000000 
 0.000329042417344 10.000000000000000 
 0.000329042417344 10.000000000000000 
 0.000275675110862 11.000000000000000 
 0.000274392941937 11.000000000000000 
 0.000270774685071 11.000000000000000 
 0.000267034464143 11.000000000000000 
 0.000261542779805 11.000000000000000 
 0.000260714421993 11.000000000000000 
 0.000260714341483 11.000000000000000 
 0.000260714341483 11.000000000000000 
 0.000240789603346 12.000000000000000 
 0.000240785992395 12.000000000000000 
 0.000240785992395 12.000000000000000 
 0.000239539647067 13.000000000000000 
 0.000217964479208 13.000000000000000 
 0.000193299568688 13.000000000000000 
 0.000191643252619 13.000000000000000 
 0.000191643252619 13.000000000000000 
 0.000160218461391 14.000000000000000 
 0.000149698405133 14.000000000000000 
 0.000146783342360 14.000000000000000 
 0.000146106247542 14.000000000000000 
 0.000146106247542 14.000000000000000 
 0.000132601314252 15.000000000000000 
 0.000128241530529 15.000000000000000 
 0.000128241530529 15.000000000000000 
 0.000114910100737 16.000000000000000 
 0.000114910100737 16.000000000000000 
 0.000101404706385 17.000000000000000 
 0.000101402072618 17.000000000000000 
 0.000101402072618 17.000000000000000 
 0.000100750095877 18.000000000000000 
 0.000100750095877 18.000000000000000 
 0.000085776272134 19.000000000000000 
 0.000085674505358 19.000000000000000 
 0.000085674505358 19.000000000000000 
 0.000075389382282 20.000000000000000 
 0.000074571746436 20.000000000000000 
 0.000074571111717 20.000000000000000 
 0.000074571111717 20.000000000000000 
 0.000068232482094 21.000000000000000 
 0.000068054940065 21.000000000000000 
 0.000068054924437 21.000000000000000 
 0.000068054924437 21.000000000000000 
 0.000060500192213 22.000000000000000 
 0.000059524750918 22.000000000000000 
 0.000059524750918 22.000000000000000 
 0.000052477235067 23.000000000000000 
 0.000051700751782 23.000000000000000 
 0.000051544980288 23.000000000000000 
 0.000051544977554 23.000000000000000 
 0.000051544977554 23.000000000000000 
 0.000048004470678 24.000000000000000 
 0.000047487846654 24.000000000000000 
 0.000047487846654 24.000000000000000 
 0.000044202172461 25.000000000000000 
 0.000044090845472 25.000000000000000 
 0.000043978353853 25.000000000000000 
 0.000043978275817 25.000000000000000 
 0.000043978275817 25.000000000000000 
 0.000039424689624 26.000000000000000 
 0.000039424689624 26.000000000000000 
 0.000037790372336 27.000000000000000 
 0.000037790172104 27.000000000000000 
 0.000037790172104 27.000000000000000 
 0.000035519099615 28.000000000000000 
 0.000035114527324 28.000000000000000 
 0.000035114527324 28.000000000000000 
 0.000031899312127 29.000000000000000 
 0.000031898847694 29.000000000000000 
 0.000031898847694 29.000000000000000 
 0.000028789610211 30.000000000000000 
 0.000026858807905 30.000000000000000 
 0.000026858807905 30.000000000000000 
 0.000024908366589 31.000000000000000 
 0.000024907865738 31.000000000000000 
 0.000024907865738 31.000000000000000 
 0.000022326400811 32.000000000000000 
 0.000022326400811 32.000000000000000 
 0.000020664317912 33.000000000000000 
 0.000020506504660 33.000000000000000 
 0.000020506452464 33.000000000000000 
 0.000020506452464 33.000000000000000 
 0.000019561736911 34.000000000000000 
 0.000019337769498 34.000000000000000 
 0.000019337769498 34.000000000000000 
 0.000018068597184 35.000000000000000 
 0.000017962180710 35.000000000000000 
 0.000017962180710 35.000000000000000 
 0.000016922596916 36.000000000000000 
 0.000016922596916 36.000000000000000 
 0.000015932119833 37.000000000000000 
 0.000015932119833 37.000000000000000 
 0.000014970297591 38.000000000000000 
 0.000014904903584 38.000000000000000 
 0.000014904903584 38.000000000000000 
 0.000014139325625 39.000000000000000 
 0.000014139262131 39.000000000000000 
 0.000014139262131 39.000000000000000 
 0.000013347654622 40.000000000000000 
 0.000013064841609 40.000000000000000 
 0.000012723319856 40.000000000000000 
 0.000012723319856 40.000000000000000 
 0.000011674019614 41.000000000000000 
 0.000011674019614 41.000000000000000 
 0.000010682365446 42.000000000000000 
 0.000010682365446 42.000000000000000 
 0.000009886921317 43.000000000000000 
 0.000009886921317 43.000000000000000 
 0.000009368863284 44.000000000000000 
 0.000009368272135 44.000000000000000 
 0.000009368272135 44.000000000000000 
 0.000008595442766 45.000000000000000 
 0.000008595025035 45.000000000000000 
 0.000008595025035 45.000000000000000 
 0.000008060468390 46.000000000000000 
 0.000008017381122 46.000000000000000 
 0.000008017371469 46.000000000000000 
 0.000008017371469 46.000000000000000 
 0.000007534320845 47.000000000000000 
 0.000007533949188 47.000000000000000 
 0.000007533949188 47.000000000000000 
 0.000006930583534 48.000000000000000 
 0.000006930583534 48.000000000000000 
 0.000006678034926 49.000000000000000 
 0.000006501681021 49.000000000000000 
 0.000006376896553 49.000000000000000 
 0.000006211796985 49.000000000000000 
 0.000006211796985 49.000000000000000 
 0.000005937705666 50.000000000000000 
 0.000005937080675 50.000000000000000 
 0.000005937080675 50.000000000000000 
 0.000005387638251 51.000000000000000 
 0.000005387409299 51.000000000000000 
 0.000005387409299 51.000000000000000 
 0.000004869288904 52.000000000000000 
 0.000004869288904 52.000000000000000 
 0.000004607361659 53.000000000000000 
 0.000004607361659 53.000000000000000 
 0.000004415028431 54.000000000000000 
 0.000004415028431 54.000000000000000 
 0.000004168235358 55.000000000000000 
 0.000004168235358 55.000000000000000 
 0.000003946947712 56.000000000000000 
 0.000003946947712 56.000000000000000 
 0.000003731013751 57.000000000000000 
 0.000003730985314 57.000000000000000 
 0.000003730985181 57.000000000000000 
 0.000003730985181 57.000000000000000 
 0.000003529026668 58.000000000000000 
 0.000003529017334 58.000000000000000 
 0.000003529017334 58.000000000000000 
 0.000003353734966 59.000000000000000 
 0.000003341090294 59.000000000000000 
 0.000003341090294 59.000000000000000 
 0.000003339892680 60.000000000000000 
 0.000003339820700 60.000000000000000 
 0.000003339800438 60.000000000000000 
 0.000003339800438 60.000000000000000 
 0.000003176937554 61.000000000000000 
 0.000003176883655 61.000000000000000 
 0.000003176883655 61.000000000000000 
 0.000003075726857 62.000000000000000 
 0.000003075682435 62.000000000000000 
 0.000003075682435 62.000000000000000 
 0.000002897103120 63.000000000000000 
 0.000002897077954 63.000000000000000 
 0.000002897077954 63.000000000000000 
 0.000002701969966 64.000000000000000 
 0.000002701493469 64.000000000000000 
 0.000002701493469 64.000000000000000 
 0.000002575157996 65.000000000000000 
 0.000002529778450 65.000000000000000 
 0.000002529686978 65.000000000000000 
 0.000002529686978 65.000000000000000 
 0.000002351502639 66.000000000000000 
 0.000002351502639 66.000000000000000 
 0.000002259858993 67.000000000000000 
 0.000002259858993 67.000000000000000 
 0.000002164408860 68.000000000000000 
 0.000002163949438 68.000000000000000 
 0.000002163949438 68.000000000000000 
 0.000002065757841 69.000000000000000 
 0.000002065757841 69.000000000000000 
 0.000001953065458 70.000000000000000 
 0.000001953065458 70.000000000000000 
 0.000001867516340 71.000000000000000 
 0.000001867516340 71.000000000000000 
 0.000001813586252 72.000000000000000 
 0.000001791473301 72.000000000000000 
 0.000001791473301 72.000000000000000 
 0.000001696316944 73.000000000000000 
 0.000001696316944 73.000000000000000 
 0.000001607033162 74.000000000000000 
 0.000001583336468 74.000000000000000 
 0.000001583336468 74.000000000000000 
 0.000001517972120 75.000000000000000 
 0.000001485704552 75.000000000000000 
 0.000001485704552 75.000000000000000 
 0.000001455198496 76.000000000000000 
 0.000001455198496 76.000000000000000 
 0.000001420833220 77.000000000000000 
 0.000001400257182 77.000000000000000 
 0.000001400241571 77.000000000000000 
 0.000001400241571 77.000000000000000 
 0.000001394144546 78.000000000000000 
 0.000001394136914 78.000000000000000 
 0.000001394136914 78.000000000000000 
 0.000001334185254 79.000000000000000 
 0.000001334169160 79.000000000000000 
 0.000001334169160 79.000000000000000 
 0.000001333755244 80.000000000000000 
 0.000001333751250 80.000000000000000 
 0.000001333751250 80.000000000000000 
 0.000001333703790 81.000000000000000 
 0.000001333703790 81.000000000000000 
 0.000001299645098 82.000000000000000 
 0.000001283490661 82.000000000000000 
 0.000001283490661 82.000000000000000 
 0.000001206114987 83.000000000000000 
 0.000001206114987 83.000000000000000 
 0.000001174492760 84.000000000000000 
 0.000001168690751 84.000000000000000 
 0.000001162987529 84.000000000000000 
 0.000001153089449 84.000000000000000 
 0.000001153089449 84.000000000000000 
 0.000001084225704 85.000000000000000 
 0.000001084225704 85.000000000000000 
 0.000001043672023 86.000000000000000 
 0.000001043672023 86.000000000000000 
 0.000000986143372 87.000000000000000 
 0.000000986143372 87.000000000000000 
 0.000000949179080 88.000000000000000 
 0.000000949154937 88.000000000000000 
 0.000000949154937 88.000000000000000 
 0.000000893307904 89.000000000000000 
 0.000000893285993 89.000000000000000 
 0.000000893285993 89.000000000000000 
 0.000000883376399 90.000000000000000 
 0.000000883376399 90.000000000000000 
 0.000000826535638 91.000000000000000 
 0.000000826513166 91.000000000000000 
 0.000000826513166 91.000000000000000 
 0.000000790836669 92.000000000000000 
 0.000000782581528 92.000000000000000 
 0.000000782581528 92.000000000000000 
 0.000000745075550 93.000000000000000 
 0.000000745072780 93.000000000000000 
 0.000000745072780 93.000000000000000 
 0.000000706196131 94.000000000000000 
 0.000000706196131 94.000000000000000 
 0.000000706180388 95.000000000000000 
 0.000000706180388 95.000000000000000 
 0.000000706175850 96.000000000000000 
 0.000000706173816 96.000000000000000 
 0.000000706173816 96.000000000000000 
 0.000000688251901 97.000000000000000 
 0.000000685758272 97.000000000000000 
 0.000000685758272 97.000000000000000 
 0.000000657398029 98.000000000000000 
 0.000000657396840 98.000000000000000 
 0.000000657396840 98.000000000000000 
 0.000000628441428 99.000000000000000 
 0.000000623445139 99.000000000000000 
 0.000000623441587 99.000000000000000 
 0.000000623441587 99.000000000000000 
 0.000000623377924 100.000000000000000 
 0.000000623377022 100.000000000000000 
 0.000000623377022 100.000000000000000 
 0.000000599234859 101.000000000000000 
 0.000000599232715 101.000000000000000 
 0.000000599232715 101.000000000000000 
 0.000000599008537 102.000000000000000 
 0.000000599008537 102.000000000000000 
 0.000000599001518 103.000000000000000 
 0.000000599001518 103.000000000000000 
 0.000000593011240 104.000000000000000 
 0.000000593011240 104.000000000000000 
 0.000000592956141 105.000000000000000 
 0.000000592951737 105.000000000000000 
 0.000000592951737 105.000000000000000 
 0.000000592949233 106.000000000000000 
 0.000000592949233 106.000000000000000 
 0.000000591096254 107.000000000000000 
 0.000000591096254 107.000000000000000 
 0.000000591084914 108.000000000000000 
 0.000000591081826 108.000000000000000 
 0.000000591081826 108.000000000000000 
 0.000000590464667 109.000000000000000 
 0.000000565919636 109.000000000000000 
 0.000000561696495 109.000000000000000 
 0.000000561696495 109.000000000000000 
 0.000000530928054 110.000000000000000 
 0.000000530928054 110.000000000000000 
 0.000000500489535 111.000000000000000 
 0.000000500489535 111.000000000000000 
 0.000000500137360 112.000000000000000 
 0.000000500127268 112.000000000000000 
 0.000000500127268 112.000000000000000 
 0.000000500096555 113.000000000000000 
 0.000000500070225 113.000000000000000 
 0.000000500070225 113.000000000000000 
 0.000000500064737 114.000000000000000 
 0.000000500064737 114.000000000000000 
 0.000000464573460 115.000000000000000 
 0.000000464338217 115.000000000000000 
 0.000000464338217 115.000000000000000 
 0.000000445320056 116.000000000000000 
 0.000000445320056 116.000000000000000 
 0.000000422678750 117.000000000000000 
 0.000000422678750 117.000000000000000 
 0.000000397742528 118.000000000000000 
 0.000000397742528 118.000000000000000 
 0.000000372883455 119.000000000000000 
 0.000000372883455 119.000000000000000 
 0.000000348255754 120.000000000000000 
 0.000000348221172 120.000000000000000 
 0.000000348221172 120.000000000000000 
 0.000000348220620 121.000000000000000 
 0.000000348220620 121.000000000000000 
 0.000000347910009 122.000000000000000 
 0.000000347883120 122.000000000000000 
 0.000000347880673 122.000000000000000 
 0.000000347880673 122.000000000000000 
 0.000000347707166 123.000000000000000 
 0.000000347674066 123.000000000000000 
 0.000000347674066 123.000000000000000 
 0.000000334110985 124.000000000000000 
 0.000000325574003 124.000000000000000 
 0.000000325574003 124.000000000000000 
 0.000000325211403 125.000000000000000 
 0.000000325211403 125.000000000000000 
 0.000000324377083 126.000000000000000 
 0.000000324377083 126.000000000000000 
 0.000000304347861 127.000000000000000 
 0.000000304255728 127.000000000000000 
 0.000000304255728 127.000000000000000 
 0.000000304191722 128.000000000000000 
 0.000000304187118 128.000000000000000 
 0.000000304187118 128.000000000000000 
