 0.006900431193786  2.000000000000000 
 0.006900360772162  2.000000000000000 
 0.006900360772162  2.000000000000000 
 0.006508447605680  3.000000000000000 
 0.006425586592209  3.000000000000000 
 0.006372432495338  3.000000000000000 
 0.006315738599739  3.000000000000000 
 0.006299082351375  3.000000000000000 
 0.006296609341080  3.000000000000000 
 0.006294070016702  3.000000000000000 
 0.006293837496099  3.000000000000000 
 0.006293837496099  3.000000000000000 
 0.005725651768372  5.000000000000000 
 0.001830024689461  5.000000000000000 
 0.001792111286845  5.000000000000000 
 0.001773253745666  5.000000000000000 
 0.001756296034879  5.000000000000000 
 0.001755802049313  5.000000000000000 
 0.001755802049313  5.000000000000000 
 0.001341269434623  8.000000000000000 
 0.000682992824018  8.000000000000000 
 0.000579842309982  8.000000000000000 
 0.000579841243102  8.000000000000000 
 0.000579841243102  8.000000000000000 
 0.000246107039120 13.000000000000000 
 0.000205373117310 13.000000000000000 
 0.000198079067787 13.000000000000000 
 0.000195354079130 13.000000000000000 
 0.000195248986959 13.000000000000000 
 0.000195248986959 13.000000000000000 
 0.000130676287496 21.000000000000000 
 0.000128110479124 21.000000000000000 
 0.000126765880321 21.000000000000000 
 0.000126416494143 21.000000000000000 
 0.000126416494143 21.000000000000000 
 0.000047259344266 34.000000000000000 
 0.000025395426288 34.000000000000000 
 0.000021614634939 34.000000000000000 
 0.000021614514370 34.000000000000000 
 0.000021614514370 34.000000000000000 
 0.000006806098938 55.000000000000000 
 0.000005279081317 55.000000000000000 
 0.000005278936915 55.000000000000000 
 0.000005278936915 55.000000000000000 
 0.000001208103809 89.000000000000000 
 0.000001044695027 89.000000000000000 
 0.000001044446621 89.000000000000000 
 0.000001044446621 89.000000000000000 
 0.000000368253746 128.000000000000000 
 0.000000335580851 128.000000000000000 
 0.000000334720181 128.000000000000000 
 0.000000334720181 128.000000000000000 
