 0.043903950121345 1648.000000000000000 
-6.602930000000616  1.000000000000000 
-0.007768132399572 6547.000000000000000 
-0.040960937678210 4910.000000000000000 
 0.192411661151959 1632.000000000000000 
-0.093844195051607 3294.000000000000000 
 2.866440000000007  1.000000000000000 
 0.074147272521421 3268.000000000000000 
-3.761385000000004  2.000000000000000 
 7.194060000000000  1.000000000000000 
-0.068092134885148 3265.000000000000000 
 0.962503000000000  1.000000000000000 
 0.011915702167549 4918.000000000000000 
-4.366365000000004  2.000000000000000 
-0.082353356482046 1643.000000000000000 
-1.437420000000003  1.000000000000000 
 0.104080442472460 1634.000000000000000 
 0.031226781280487 1640.000000000000000 
-0.028294337849396 6547.000000000000000 
 4.397880000000000  1.000000000000000 
 0.201225000000000 1631.000000000000000 
-0.090021467480171 1639.000000000000000 
-5.533500000000006  1.000000000000000 
-4.794669999999999  1.000000000000000 
-2.520526666666667  3.000000000000000 
 0.523553000000000  1.000000000000000 
-3.014800000000000  1.000000000000000 
 2.002079999999999  1.000000000000000 
 0.091476570217325 3267.000000000000000 
 0.062464870973669 1633.000000000000000 
 0.000661663638060 6537.000000000000000 
-0.055620025591268 1649.000000000000000 
 8.114150000000000  1.000000000000000 
-0.018101020382425 4916.000000000000000 
-5.921370000000001  2.000000000000000 
-0.090961600000000  1.000000000000000 
 0.024390059842041 1646.000000000000000 
-1.035247000000000  3.000000000000000 
-4.075509999999999  1.000000000000000 
-5.051120000000000  1.000000000000000 
-2.046129999999999  1.000000000000000 
 0.118096190476190 1638.000000000000000 
-0.064697987392899 1634.000000000000000 
-0.035639402388243 1633.000000000000000 
-3.315770000000000  1.000000000000000 
 0.035665077356181 4902.000000000000000 
 0.054322550550123 1636.000000000000000 
-0.048505535662211 1646.000000000000000 
 0.066207454905545 1641.000000000000000 
-2.719705000000000  2.000000000000000 
-0.070856712294881 8166.000000000000000 
-0.024798488194021 3278.000000000000000 
 0.755422000000000  2.000000000000000 
-0.012770821960073 1653.000000000000000 
 0.079523810365854 1640.000000000000000 
-0.090753700000000  1.000000000000000 
 0.017315739850819 8178.000000000000000 
-1.205136666666667  3.000000000000000 
-0.383664800000000  5.000000000000000 
-5.754820000000000  1.000000000000000 
 0.049249365127162 4915.000000000000000 
 0.029005632846715 1644.000000000000000 
-0.076110962272175 1646.000000000000000 
-5.302630000000000  1.000000000000000 
-0.004640970279022 4910.000000000000000 
-0.045151982264957 3276.000000000000000 
 0.002898353035607 1657.000000000000000 
-6.402380000000000  1.000000000000000 
-4.604880000000000  1.000000000000000 
-0.032261674969623 1646.000000000000000 
-4.294720000000000  1.000000000000000 
 0.056443435902141 1635.000000000000000 
-0.038973505811286 6539.000000000000000 
 0.033376239069198 1633.000000000000000 
-2.900010000000000  1.000000000000000 
 0.682847000000000  1.000000000000000 
 1.112780000000000  1.000000000000000 
-3.926440000000000  1.000000000000000 
-0.065645218640955 3267.000000000000000 
-2.416680000000000  1.000000000000000 
-0.020857137500000 16.000000000000000 
-3.663600000000000  1.000000000000000 
-0.049911148238153 1646.000000000000000 
-0.058335402440513 1639.000000000000000 
-0.063232549984695 3267.000000000000000 
 2.102530000000000  1.000000000000000 
 2.966350000000000  1.000000000000000 
 0.229114000000000  1.000000000000000 
 0.075891453883792 1635.000000000000000 
-0.090191689837151  0.000000000000000 
-0.779320000000000  1.000000000000000 
-0.164243478260870 23.000000000000000 
 0.015177239378238 3281.000000000000000 
-0.037003243711844 1638.000000000000000 
-0.066994450000000  8.000000000000000 
 0.027116465323565 1638.000000000000000 
-0.000656225775504 1637.000000000000000 
 0.021522788977099 3275.000000000000000 
-0.023144242857143  7.000000000000000 
-4.204290000000000  1.000000000000000 
-6.512640000000000  1.000000000000000 
 0.098879160000000  5.000000000000000 
 0.064534800000000  3.000000000000000 
-4.008270000000000  2.000000000000000 
 0.032638750000000  4.000000000000000 
 0.007454227083333 24.000000000000000 
 0.142722500000000  6.000000000000000 
 0.039481721428571 14.000000000000000 
-0.002404952379793 1643.000000000000000 
 0.053443396395846 1637.000000000000000 
-2.959290000000000  1.000000000000000 
 0.060754340605875 3268.000000000000000 
-2.493345000000000  2.000000000000000 
-2.851750000000000  1.000000000000000 
-5.706950000000000  1.000000000000000 
 0.196481018983465  0.000000000000000 
-4.748060000000000  1.000000000000000 
-5.005460000000000  1.000000000000000 
-0.033621838461538 13.000000000000000 
-5.490450000000000  1.000000000000000 
-0.015179468421053 19.000000000000000 
 0.785096000000000  1.000000000000000 
-0.060369800000000  7.000000000000000 
-4.340140000000000  1.000000000000000 
 0.057693122677262 1636.000000000000000 
 0.262191000000000  1.000000000000000 
-2.696700000000000  1.000000000000000 
-0.063725400000000 1631.000000000000000 
