 2.345529670330909  2.622742857142264  3.339482752196594  2.352688877394035 
 0.037003270866109  0.076111739763769  1.133425100175597  1.385854225096818 
 1.683092372881218 -0.397173872881278  2.929501273416403  2.749412489826737 
 1.284771946902666  0.188120879646069  2.193078118774970  3.845237261922834 
 3.056696103896133  2.033822077921996  3.432255909205601  3.293607606135942 
 0.657278923809520  0.317280392380941  3.224455989937593  3.135963697218387 
 1.471248387096713 -0.070175813225810  1.447281999701700  2.546657864530127 
 2.313965771812128  1.212775033557029  3.892186302922391  3.587723997148488 
 0.187382496123998  0.084083657860464  1.632692933823210  1.321260058636514 
 2.729064935064978  0.391123838961031  2.071537053186034  2.662782458901455 
 1.294524374999991  1.820594791666705  3.576540194676694  3.332893498410372 
 3.070720689655167  1.136918620689676  3.359653248997224  3.495812951908442 
 2.488494615384607  0.823617538461531  3.438941150663312  2.238378759550863 
 1.662930188679243  0.174707551698104  2.592028503239587  0.961810159660262 
 0.896329791666751  0.169817606250027  0.311441042781207  2.224308175162787 
 1.509171666666649  0.491613199999993  0.459561480030555  2.756822886069726 
 2.171684615384602  0.118562944769244  3.019481751147929  2.136547488405369 
 2.705802419354838  1.078017419354849  2.241858882171566  3.164781097982049 
 2.229756666666692  1.362514250000012  1.781391770622222  2.236415250571104 
 1.869541221374067  0.226168300763372  3.136415777690113  3.470936146361669 
 2.507613580246907  0.308439996296295  3.623900269568663  3.449333092510689 
-0.383158014705879  0.062217716507356  0.265766742226206  0.646158683310703 
 0.329756354166663  0.091544983333332  0.367830235248166  1.525271659475490 
 0.256289234860053  0.084363199745546  1.535717422183482  1.806075331523521 
 1.873865441176461  0.662279558823526  2.258603333732159  1.492511883138040 
 0.992013805970163 -0.188903525373134  2.425118336683275  3.140645764292006 
 1.004517704081641  0.104052565306124  0.983196362025851  2.294986144223085 
 1.250070370370383 -0.008633931851857  3.404976262062824  2.095243560064961 
 2.126002666666672  0.909218800000003  2.666210942659554  3.669945420977228 
 1.789099807692308  1.132153846153843  2.947613256773043  0.973856967160207 
 1.041103983739837  1.234795609756097  3.323333973061366  2.152181388088045 
 1.235769928057555  0.136538331654673  3.402460390869779  3.285199246994081 
 1.684806716417915  1.358829104477606  3.641964385402650  3.691381178481290 
 1.503720156249998  1.999003124999987  3.259904558576538  1.291966977490235 
 0.418334058823511  0.132330094117653  1.725513408491143  0.141552498062070 
-0.019233615178575  0.074294740848215  1.192324104707646  0.695189356107606 
 1.007216039603959 -0.099123375000000  1.434377467902136  1.561575814136088 
 0.931317963636365  0.387124145454547  1.547325138120218  1.907405979381363 
 0.908544221105534  0.220305516582915  2.801219282196254  1.507210187398937 
 0.222270010723861  0.084039006166220  0.765065399229024  1.430710634181384 
 0.871053230769234  0.158406715384615  1.990480578800332  0.589509376749360 
 0.964601877551026 -0.053668253877551  1.669427604185047  2.401335662290158 
 1.282523106060618  0.142008083712120  2.431197567307017  2.409616253488105 
 0.437830978339349  0.095857573790614  2.272216154033993  1.342913696573861 
 1.287812418300653  0.973898692810456  1.973722878443172  3.193478696442735 
 1.219296541353386 -0.390360375939850  2.198205263985030  2.083305715981061 
 0.440915302797203  0.108269813562937  2.198835109749248  1.922796960143392 
 1.644143925233653  0.750935327102796  4.136305289939734  3.450211709617419 
 2.294778260869565  1.235403623188410  0.961724944599874  3.226736628820206 
 1.837644632768357  1.135052372881349  3.746682111849722  2.528221523444083 
 0.969557024793388  1.031912644628099  3.448074842037429  3.631901534543421 
 1.319893055555554  1.467797222222222  2.603201047223997  3.419466795964507 
 2.076130081300814  2.068595121951221  3.805467123891863  3.737056447781082 
 2.465186131386858  1.675764963503650  3.270776973311313  2.208492154538867 
 2.436752380952383  1.754123015873017  2.490794651383220  3.778345999708367 
-0.471595454545453 -0.071509502840753  0.648299113670509  0.590552358930430 
-0.307097661141803  0.078713956187845  0.863695527445542  0.691709311793773 
 0.500244701195219  0.092859528764941  0.967483434773915  0.949414298645130 
-0.057123824843424  0.073549898308977  0.728668312252503  0.738100246243813 
 0.888462208333333  0.104689010525000  1.916446235908875  1.186809761326301 
 0.560164913043480 -0.168321935326087  1.826591813792819  2.323407898854740 
 0.382784640661938  0.053393091380614  1.649160193050116  0.974664980398938 
-0.183166051756007  0.064566740471349  0.986408182034765  1.008656107127686 
 1.168224074074070  0.512027354497355  2.048636119979698  1.299118772310462 
 1.256981196581203  0.135827189871795  2.006478515885747  1.740360838299333 
 1.083105357142858  0.521108015873016  2.328049350913762  2.083170377591301 
-0.390512014044945  0.056406902415730  0.649015215784559  0.288774133922393 
 1.977126495726493  0.150296057264958  1.465959570836439  2.063563386386287 
 0.365324613361345  0.232617663865547  2.230621402825324  2.843361033489183 
 0.882358319672130  0.283339065573770  2.076990533855782  2.755497490402035 
 0.701158271604938  1.333998395061726  2.259606681056272  2.944889767885079 
 0.690187727272727 -0.255851030303031  2.686619523620592  2.313270902696119 
 0.775058982905983  0.791353675213674  2.959333574183352  1.411623619228373 
 1.155943117647058  0.547682882352941  3.412084896846162  2.330537165725221 
 1.631101724137924  0.993680948275862  1.465848418100475  1.999325861218928 
 1.219021343283583  0.661086716417910  2.588139683110136  0.611004129663845 
 0.604518087431694  0.159937538251366  0.786241890069020  2.015640589252791 
 2.183258333333331  0.037219681666666  2.002109591001983  3.607446365860073 
 1.545631292517008  0.802962585034015  2.724633258884726  3.675265834340257 
 1.456283009708736  0.907247038834952  2.942638699371529  2.499390980170358 
 1.650838693467338  0.228761260301508  2.278986533527942  3.062138246438525 
 1.725739204545455  0.448052897727273  3.329320099997093  2.468502079527399 
 1.654649166666669  0.813296416666668  3.546413918499305  1.688668054149660 
 1.918196721311474  2.018568852459019  2.226342788349905  3.228770440013436 
 0.620268900000000  1.903706557377049  3.284123431083062  3.156947365858640 
 1.726487596899225  1.801074418604653  3.448294951939185  2.537350185779699 
 1.666635433070865 -0.184218258267717  2.495232897090955  1.627542600735868 
 1.391850449438202  2.490576404494382  2.783375683880696  3.197654609892691 
 1.537159259259259  1.586438271604941  1.388428222167353  3.394044267794540 
-0.459001715039578  0.232657000000000  0.604066750276479  0.530062376032449 
 0.116853179732314  0.074821603326960  1.000328912372130  0.973560707792031 
-0.316374778225806  0.069713752298387  0.583932068516079  0.897935594275573 
-0.103908891495601  0.071387203900293  0.989882523110162  0.439169347053014 
 0.310042329059829  0.111099389337607  1.206533303297780  1.360903758265171 
 0.272529495934959  0.090207571707317  1.522352422655094  0.587056831207024 
-0.240369303370786  0.054785419528090  0.506351443658328  0.539926490645499 
 0.541396721763086  0.241402391184573  1.600551836239113  1.436166525179892 
 0.543511726384365 -0.137126708794788  1.661143228340669  1.479108299747968 
-0.651410286624203  0.066435050286624  0.445044164904695  0.555707722434294 
 0.049377391558441  0.079967251428571  1.420382029329680  1.006658706803464 
-0.042758023093682  0.072041489845316  0.723538937763061  1.177070245260080 
 0.857608659217878  0.362570446927374  1.157033475406023  1.336909474044493 
 0.549282537764350  0.200615300604229  1.530777579066069  2.049502088033376 
 0.300234637323944  0.085442931654930  1.034275500431874  1.986069719211678 
 0.793542235294118  0.116159672911765  1.978330725619709  1.914752194785353 
 0.408588517647059  0.691170000000000  1.660358184117755  2.276949548776472 
 0.662786726190477  0.068595264107143  1.307318913560116  2.669365462245593 
 0.750617205882353  0.734072500000001  2.587660659086311  2.705413658873162 
 1.525831300813008  0.552025934959349  2.192349141825138  2.285707063281037 
 0.611592935323383  0.471584925373135  2.303073567363024  1.792551728398130 
 0.585327303754266  0.034791120443686  1.122261812769181  1.606265874532485 
 0.614952011173184  0.370946368715084  2.046323393914390  1.014621950617540 
 1.103923287671233  0.858217397260275  0.937554630304260  2.959809768838431 
 0.914682028301886 -0.158434054716981  2.490607117713340  1.614969302903925 
 0.855382868217055 -0.226423020930232  2.123883341459216  0.866431115428826 
 2.023719270833331  0.716337031250000  2.450615347909884  2.592083791995872 
 1.086050000000000  0.952409132947978  2.086377131719075  1.929522326361676 
 1.410731818181818  0.431279435227273  1.311328985351239  1.722294571681517 
 0.775491460176992  0.164784661814159  2.697335859902735  2.292869431637609 
 1.850111794871795  1.255985076923076  2.290803062476266  3.162078640483455 
 0.876851461538463  0.653240846153847  1.512243307946326  2.884527117712361 
 1.252964055299538  0.369725373271890  1.622795044145767  2.792794630081423 
-0.060393726000000  0.072767771960000  0.383905781437998  0.981594025430816 
 1.764142424242424  0.614531742424242  1.473157205169880  3.237109868343176 
 1.754316447368421  1.332017763157895  2.984395664532114  1.808913174618682 
 1.166027460317459  0.534447195767195  2.688202326570270  3.106711934895311 
 1.468103409090910  0.394173409090910  2.949912995783832  1.625132217683832 
 1.292670973451327  1.647832743362831  2.072698358911440  2.215396381317254 
