 3.047244444444286  2.274577777777809  3.239996493580247  2.822281859506173 
 1.912814285714257  2.312728571428611  2.811151115510204  3.004569643945578 
 2.352482352941201  0.979441764705881  1.407197099100346  2.960109334143945 
 0.937317999999995 -0.339706999999992  2.642336729556000  1.029619469021000 
 1.052387272727217  2.186581818181833  2.751325768747108  3.600304286942148 
 0.778007142857142  0.353632380952386  2.181239721734693  0.890466312741950 
 2.580166666666651  0.847176249999999  2.843569767222222  2.508029715581771 
 2.242299999999979  0.220119127272725  3.377501132727274  3.255936110139412 
 0.449232857142861  0.116387400000003  0.922614518944218  0.823790128779257 
 0.668777272727271  0.855320909090909  2.017556661547107  2.883453887226446 
 0.467367692307702  1.089972307692312  3.256824192740829  3.301796360879290 
 2.268854166666659  1.582608333333326  3.656177760815972  3.062420406597223 
 1.709136363636377  0.981990909090917  0.805589158677686  3.662968249699174 
 0.232495545454545  0.071602545454544  1.589047875291520  0.363103938532793 
 0.705751739130437 -0.013480217391305  0.967606918144801  2.125991550137474 
 0.800427692307690  0.264678461538462  1.734699575986982  1.733614271582249 
 1.902414285714287  0.750326190476191  2.706684327891156  1.366400426033107 
 1.006639523809528  0.134633952380953  3.564607674080725  3.137087614633094 
 1.893204761904763  1.567571428571431  2.191592080453515  3.433253418231292 
 1.033879444444443  1.255933888888890  1.873768643216358  2.144982355301544 
 1.856526470588240  0.726557058823530  2.163115050769896  2.320106058279584 
-0.263250099999996  0.095538050000000  0.234330842646190  0.631158437403647 
-0.169752880000000  0.062886700000000  0.549698929676185  1.065767330927971 
 0.460372903225806  0.046906099354839  1.456286954627054  1.081842546139028 
 0.489624000000000  0.046346056666667  1.380910374290667  1.594523830128513 
 0.338060000000000  0.086559160000000  1.022499810432000  1.398351853780454 
 0.587324999999998 -0.456848000000000  1.943886332145000  2.004538944476000 
 1.438880000000000  0.365480000000001  2.120378987200000  1.343120925096000 
 1.216198965517242  1.331841379310345  2.925848676995481  3.120412183804996 
 1.787911111111107 -0.355048888888889  2.988377165432099  1.745805334320988 
 2.108050000000000  1.845614285714284  3.154338376785714  1.281027168367347 
 1.108517916666669  0.027630891666667  3.281046855583158  1.860135710739070 
 1.078054666666666 -0.383877333333333  2.710553065691555  2.641368268019555 
 1.605556521739128  0.827910869565218  2.764815104196598  2.673713447460114 
-0.438428421052630  0.152264000000000  0.716677073908033  0.844282224876842 
-0.431052121212121  0.234064575757576  0.454513666756106  0.561585651123941 
 0.054408531250000  0.080904640625000  1.074400534977436  0.680356674483473 
 0.575930967741936  0.213252225806452  2.019613922511967  1.324680141456240 
 0.212386517241379  0.102074137931035  1.092190474446526  1.065685086440532 
 0.553760000000000  0.114504833333333  0.671806932050000  1.569895838406890 
 0.908038947368420  0.316003157894737  1.324989136125208  1.135774329779502 
-0.330990714285714  0.023269214285714  0.783989149092347  0.159470998757597 
 0.443262857142857  0.296079928571428  2.410829475263266  2.887591197597210 
 0.446084210526316  0.346738947368421  1.087603791455956  2.160529759693628 
 0.815595600000001  0.096109896000000  2.571960826704640  1.432573235866275 
 1.051625217391304  0.419110869565217  2.591495740781474  1.980808928364461 
 1.137292727272726  0.738254545454545  2.530352330438017  0.883213665079339 
 1.061912608695653  0.199696391304348  1.468437836219282  2.779603157639630 
 1.145125263157895  0.776803684210526  2.479917812761773  3.847556923760111 
 1.268892307692308  0.270866384615385  2.240970329171597  2.535461520380622 
 0.631948181818182 -0.094091627272727  2.520660148614876  2.126640618792301 
 3.154600000000000  0.952890000000000  2.855551905454545  3.524484758472728 
 1.722036842105264  0.103236263157895  1.274350816011080  3.060324344942825 
 1.708036363636367  1.587881818181818  2.413822349586777  1.909306105123967 
 1.743619047619047  0.624732380952381  4.258945218684807  3.186248160760997 
 0.099337945945946  0.079199821621622  1.380347577613565  0.966701052307091 
-0.093346620689655  0.081477448275862  0.711046900658373  0.788085483878661 
 0.034218692000000  0.066523360000000  0.826252890815813  1.147177682654551 
 0.016797814814815  0.072428629629630  1.160661785101781  1.271635860667493 
-0.239813181818182  0.170130454545455  1.011317253703512  0.773710890767975 
-0.538899000000000 -0.055297837000000  0.492004328449000  0.564862270960583 
 0.326468208333334  0.093595708333333  1.600067741122998  1.915128644893873 
-0.198945869565217  0.100210956521739  0.973994593092635  0.344868076922302 
-0.355857894736842  0.083159105263158  0.420257509595568  0.830796195520675 
 0.267895333333333  0.134350555555556  0.238054173498444  1.489008918830469 
 0.221968529411765  0.103194217647059  1.734392170206661  1.342217018516304 
 1.302447619047619  0.700908095238095  1.494639422494331  1.977331411929706 
 0.575483437500000  0.032777828125000  1.782277977397559  1.774852320689213 
 1.502533333333333  0.003611211111111  2.127678927777778  2.296153825395091 
 1.127990000000000  0.794555217391305  2.963749544252174  2.408199049859736 
-0.455599696969697  0.056450206060606  0.766615145421121  0.516574671239994 
 0.783949411764706 -0.005512964705882  1.278253281487889  1.224638960610373 
 0.348917058823529  0.079562882352941  2.640152887867820  1.797228023489280 
 0.210640700000000  0.078007850000000  0.615350640575810  1.644517332078928 
 2.244145454545454  1.025062727272727  3.519577880661157  3.858294866438018 
 1.879523529411765  0.082614647058824  2.160836639446367  2.937733106669170 
 1.121314444444445 -0.074892777777778  1.865458285624692  0.640684160313506 
 0.708491764705882  0.810774705882353  2.709542751026297  1.740976196589619 
 1.652805882352941  1.072535294117647  3.921582005259516  3.186744633660208 
 0.955259375000000 -0.162824875000000  1.484067870193359  2.360390847267985 
 0.982920400000000 -0.120101868000000  1.780638924579840  1.720460111093986 
 0.692665384615384 -0.038682836153846  1.799308277917159  2.460098118842098 
 1.658728571428570  0.927052857142857  2.238571424897959  3.512587531553742 
 1.518209523809524  0.439763333333333  3.006767478956917  3.188886036974603 
 0.842301764705882  0.494049411764706  1.792173927085121  2.772541438511419 
 1.241113333333334  0.170969080000000  0.622594737155555  1.971140242824596 
 2.653231250000001  1.583162500000000  2.222949472148438  3.498056477343749 
 1.452631428571429  1.671400000000000  1.348230231983673  2.670645895714286 
 1.872557894736842  0.298852105263158  3.080267187700830  1.748175443563988 
-0.246419117647059  0.046199726470588  0.614782201755104  0.746011095445711 
-0.185348047619048  0.093824266666667  0.654597554056807  0.499303900026832 
 0.222994136363636  0.071948681818182  1.702661582811118  0.783859062120944 
-0.276993928571429 -0.013562712500000  0.911632455773852  0.879990644053512 
-0.151740035714286  0.072028910714286  0.812557748184463  1.196427301980715 
 0.326856842105263  0.243151578947368  1.499041137790028  0.943734761508033 
-0.202465888888889  0.037139802592593  0.970878841581284  0.624837043374248 
 0.540475789473684 -0.116680415789474  2.075073542719113  1.434026294998143 
 0.070189760000000  0.075707640000000  0.970875398586903  1.564485861718870 
-0.083254448979592  0.072519102040816  1.067473618158165  0.965065797820663 
 0.024083318181818  0.086542090909091  0.503485801856126  1.131090438951810 
 0.023055350000000  0.038869475000000  1.553823438882727  1.157559079197787 
 0.276310000000000 -0.069820363157895  1.182492431600000  1.503871507016542 
 1.022543181818182  0.068728590909091  2.329032744439877  2.634700218578970 
-0.352063750000000 -0.152247500000000  0.449276882823437  0.662723140492875 
-0.542990909090909  0.331433636363636  0.724345945135537  0.404884992441322 
 0.182305916666667  0.099585391666667  1.408986316712743  1.687590380604749 
 2.054927777777778  0.423887055555556  1.755703274228395  2.444262437070719 
 0.365152666666667  0.397621333333333  2.041612985099555  1.490456239784889 
 1.501364285714285  0.010623514285714  2.827067613724490  3.142102166151223 
 0.544834615384615  0.512583076923077  1.823702836994083  1.909918217467456 
 0.769415714285714  0.315356666666667  2.363631061491156  2.063151808831746 
 1.074173809523810  0.477342380952381  1.730693636880726  1.626335897560997 
 1.520542857142857  1.670600000000000  3.648021291020409  2.855200815714285 
 1.517986956521739  0.433930434782609  2.814020589829868  2.372188271230246 
 0.178194833333333  0.095225055555556  0.658789728092694  0.811575338678275 
 0.412023636363636  0.355987272727273  1.274348660168595  1.432264639547108 
-0.694789090909091  0.124006000000000  0.444722166280992  0.533510173059455 
-0.455574285714286 -0.031356435714286  0.715397664424490  0.828244399385471 
-0.326607000000000 -0.127664300000000  0.751783806101000  0.397709735472010 
 0.590895789473684  0.001819736842105  2.027763330845429  0.768246710044194 
 1.345294736842105 -0.050303152631579  2.269302842603879  1.445170765248030 
 2.069457692307692  1.150318846153846  3.090994244748521  2.314247310733285 
 0.705556666666667  0.225364500000000  1.607920769366667  2.475272880609805 
 0.923049375000000  0.563959375000000  0.991843337555859  2.214500631130859 
 1.690894444444445  1.157438333333333  2.462378542746913  1.649280737602778 
 1.234200000000000 -0.221133095238095  2.047615606666667  2.411846029104944 
 0.432955714285714 -0.012270571428571  1.499202754467347  2.318823883366388 
 1.404358823529412  0.716088823529412  1.777138535363321  3.031242482680968 
