 3.005700961538399  1.233024230769049  2.482605616825997  3.365837269901331 
 2.975710000000700  2.239016250000588  3.465283007650000  3.311948278860937 
 2.951268115941788  0.396164427536237  3.377141094055872  2.949458376167317 
 1.198187111111035  1.664010370370343  2.810695873587949  2.525653588040604 
 1.676537529411298  2.184682352941004  3.332189389190365  1.503032185923875 
 0.466193146666680  0.189929917333326  1.639943928950099  1.386015230424815 
 2.177259440559631  0.511405685314712  3.175338674998292  3.594562455922423 
 2.011262921348249  2.705987640449262  3.298954590422929  3.035418819959602 
 1.518991071428665  0.506260928571398  0.445511760813138  2.835369709466959 
 1.595813333333431 -0.411155916666659  2.365016679988888  2.389958916057493 
 2.297890566037728  1.841276100628917  2.588633403495907  3.892611842699261 
 0.640194088235365  0.326833992156858  3.366282181247295  2.836226621784363 
 1.862671851851816  1.934646666666709  3.980955450911383  3.340230300118519 
 1.191081538461509  0.722817692307689  2.544615831338294  0.731366852694674 
 1.289030580912866  0.455437883817427  1.923094148582235  1.438653503898841 
 1.306053231939159  0.625193269961978  2.605032563782330  2.289101769596149 
 1.823341705426358  1.175547906976750  2.999209535721121  1.109330677329728 
 2.310963999999969  0.931497786666664  0.991605052170666  3.237078211207314 
 0.860812804166666  2.008675000000002  3.616930740418188  3.393863215486110 
 1.909704026845642  1.198364161073823  4.135814421997210  3.473334197092753 
 1.875133684210516  1.536977368421054  3.349075799075899  2.206752840277287 
-0.057791388412003  0.077946861330474  0.365079618559567  0.965518006740798 
 0.350655500000016  0.091618551999999  0.380213196366750  1.545791605474945 
 1.190630821917805 -0.175224773972604  1.911679367141792  2.378357688437703 
 1.926646060606060  0.727818848484846  1.854914010120845  1.713978761956855 
 0.214753502604167  0.080874694010417  0.775864835808177  1.483662600050689 
 1.564559160839161  2.166774825174830  2.452689165856639  3.070046923282310 
 0.666561818181818  0.436787233201584  1.488069539128710  1.684510123502228 
 1.051782019230781  1.174257307692305  3.455296053271884  1.944828790429290 
 1.410841646341445  0.740254329268289  3.805087227222290  2.601751412929431 
 0.951111343283568  1.150952985074625  3.373782787245956  3.496427977959748 
 1.974959999999996 -0.219143552000000  3.402577257066664  3.004067544567941 
 1.550974269005852  0.105341210526315  2.782438929162475  3.466032918107218 
 2.595714814814837  0.531254894444445  2.006486221447188  2.627857492742100 
 0.488511641791049  0.152414513432833  1.862836826202708  0.150624143572455 
-0.329496701461374  0.093048321315239  0.830694853871375  0.712175155471755 
 0.288673049411765  0.113541953256471  1.649531557947999  0.972811601738168 
 0.474937570093457  0.111625579439253  0.853190382913722  2.106303572156461 
 1.737860869565219  0.260391301739131  2.570250246729678  0.959495980450385 
 1.244180506329115  0.373723974683544  1.042185065502275  1.741445446479848 
 0.852160461538461  0.175638617692308  2.036274608181327  0.587090601772688 
 1.040078689320389  0.038281431067962  1.249145569972555  2.654329812791266 
 0.933473646616542  0.344276545112782  1.948148616538205  2.516370820023210 
 0.818218305785125  0.112174823016529  2.676198829500845  2.276054183071956 
 0.968694958333335  0.400863875000000  2.793293390928331  1.824614520469568 
 1.347199674796748  1.478285365853658  1.729288549443797  3.087612662712674 
 2.384337142857136  0.905830214285709  3.445116592763267  2.107504623619240 
 1.457692810457513  0.166688107843137  1.651374672693409  3.272903660777336 
 1.544742056074766  0.610062663551403  3.130125719352782  1.600233449356923 
 2.577481818181827  1.809972727272728  3.264514591900826  2.184220895537191 
 1.608881884057964  0.782230289855072  3.530587614092104  3.767731062524554 
 2.216853846153841  1.487037272727273  1.875694703883809  2.379029311260396 
 1.261030232558140  0.623934651162791  2.242159672444132  3.576787188133017 
 2.338940677966099  1.093577344632769  2.769729865689936  3.355630039131367 
 2.628198113207545  1.337775283018866  3.933179095468137  3.594685505196616 
-0.189619917975567  0.060238639712041  0.937556620990682  0.979914527791624 
-0.649423866171002  0.119611420408922  0.461982765888398  0.623561475832666 
-0.075340729530201  0.075276814988814  0.680779181531128  0.669119344100427 
 0.569063246753246 -0.150990873051948  1.590096645923875  1.534547160390635 
 0.233378780555555  0.086712118611111  1.245913601007338  1.851891784481657 
-0.253773695121951  0.066556000692073  0.780541744133651  0.302571490422903 
-0.303925489749430  0.076907383462415  0.552249914595602  0.896448376998888 
 0.215740171803279  0.088770716098361  1.459443136206091  0.579808718199134 
 0.792602992700730  0.198882583124088  1.438466086482285  1.142844580989221 
 0.908623179487181  0.721112820512823  1.802550171680146  2.156611768731019 
 0.585301246575343  1.454604109589045  2.237462707370406  2.987034754366674 
 0.785106208053691 -0.017647243624161  2.324470908670522  1.574982375764163 
 0.965201610169494  0.194924483615819  1.745888313150799  1.781454660760078 
 0.348131532569974  0.081624224427481  1.748601961668741  1.895116581244996 
 1.726845273631842  0.240242069154229  2.347942267850796  2.255348300810375 
 0.650580925925925  0.475962879629630  2.295979967067660  3.402418455015606 
 1.346089942196531  0.191887247976879  3.520080411243350  2.423376136558032 
 2.055696111111109  0.369644867222222  3.309216890373766  2.409620801327760 
 0.934050333333332  0.019701566000000  2.106338045427222  3.200730666989897 
 0.715298238461535  0.783659384615384  2.710436760669152  1.536927692159622 
 0.892318787878789  0.208563501515152  0.393589727180349  2.292072872847692 
 1.083758272727274 -0.245401756363636  3.038285888807017  3.043296071543252 
 1.018628571428575 -0.325956900621118  2.806220379073115  1.887607839872636 
 0.746530039525690  0.350129952569171  2.357871263699997  1.198364323471713 
 1.644525301204817  0.829229698795182  1.460373719600813  2.788548209767981 
 1.297052542372878  1.070955028248588  2.381857652461897  2.803684090742512 
 1.038000260869566  0.799512173913043  1.120412433039062  3.065215436928317 
 1.510957861635223  1.478623270440251  3.016037125331278  3.687985585810689 
 1.710520416666666  0.573917875000002  2.447559723291495  2.918109163101735 
 1.749424999999999  1.051709713114755  3.228646900891397  2.333127458570817 
 1.134811333333331  0.374744360000000  3.123376751511556  3.486637206360256 
 1.957512121212123 -0.119220268484848  2.729576371772269  1.655942760883504 
 1.292764159292033  0.480606460176992  1.678840716812788  2.395705406010476 
 1.770711475409836  1.703040983606553  1.219389981999462  3.327533703730181 
-0.473404114285714 -0.051812095153400  0.674057857146501  0.631924812393532 
-0.011608224901961  0.076962404823530  1.327632667932891  0.935508311841852 
 0.119185442913386  0.075582348090551  0.971266414568780  0.893145626226616 
 0.285176820175439  0.090943737521930  1.193398383466863  1.304167669271553 
 0.014924258223062  0.075601702173913  1.065193206221317  1.316666072310320 
-0.545867926829268 -0.026217012154472  0.515731901135133  0.360952808398952 
-0.391699170124481  0.069271704522822  0.253725775687278  0.647483752059085 
-0.278359272727273  0.023253029015151  0.481525528841022  0.535146556390496 
 0.129958148165138  0.068248272458716  1.532052255957880  1.345752140466094 
-0.110955295833333  0.068565638506250  1.060873656933277  0.577637085357122 
-0.038965597379913  0.072703745063319  0.698522799283376  1.138534132119371 
-0.440857226890757  0.228191700280112  0.607617593034047  0.488561529286607 
 0.517906967930030  0.114253550087463  1.148647776097513  1.616694387631660 
 0.339096725164835  0.585895384615385  1.795740868276843  2.464762268800677 
 0.495622983193278  0.108582350504201  0.938547096115050  0.970463741018776 
 0.835847955555556  0.109165170977778  0.973570663002040  1.932683997916636 
 0.570496171428571  0.263354100000000  2.158773543460196  1.989660341139392 
 0.401612528368794  0.087594971276596  2.270340411041427  1.358670122435582 
 0.609783831168831  0.128617490909091  1.466132846862594  2.415667957499067 
 0.885502171428571  0.748704571428572  2.777951440601000  2.596060776382530 
 1.098907897727273 -0.154770282954545  1.557511849125694  1.536877826345166 
 1.080321666666668 -0.088081247948718  2.317582366736966  0.982218558712858 
 1.252067391304348  0.192913286956522  2.362342230530873  2.347955008273933 
 1.688124852071007  0.055978442248521  1.376280144944503  2.128923067803372 
 0.744854625850340 -0.119370891530612  1.853478312192888  2.271262353372196 
 0.536771830985916 -0.103902132300470  1.735082964091951  0.920102724723123 
 0.405160405263158 -0.094806280138158  2.476038641856129  2.397539587259550 
 1.316151311475411  0.069827836229508  2.569168112307568  1.575332501624694 
 1.339999793103450  1.149921310344828  2.026075170279267  1.675190041026560 
 1.872208016877638  1.089801476793250  2.263742926307035  3.344854741480938 
 2.143099130434790  0.138819045739131  1.952404249999244  3.438032631528721 
