 2.336129500004330  2.818428250000397  3.293620897629745  3.111311333526936 
 2.058067288382626  2.120688665706766  3.699355094769250  3.793861213114007 
 2.632240193965244  1.592271982758612  3.020728038783155  2.148856916499513 
 3.313539832873030  1.282295598885343  3.528442473761537  3.309791396478126 
 3.204174202130380  2.248305585106952  3.196003191701490  3.163044721059232 
 1.043512714138209  0.059290107782313  1.650277821211383  2.003637129854973 
 1.925410654685924  1.157850211810005  2.928375088538597  2.846481462330444 
 2.219992230216237  2.244988345324117  3.490951196543949  1.981546697144747 
 1.732803552168992  0.472790009378755  2.810927587857141  0.929069643573009 
 1.435787750000195  1.259549993750078  2.239709001049933  2.718039155381816 
 1.875611497006151  1.243333676646759  3.837626687269009  3.975502733764563 
 2.525035263157766  1.096327094736849  3.731845659103874  3.455904986169038 
 2.321465682968142  1.393470505902132  2.564028092506995  3.705875671193333 
 0.601310376039021  0.389427058185768  1.757682538067179  1.172144135531276 
 2.005801464843849  1.767722265625067  3.151122114006641  0.993124030910492 
 2.032602346040894 -0.235398719576263  3.193395171695380  3.161036850321327 
 2.762125293350242  0.929805801825295  3.073531733623609  1.977693955562037 
 1.326843142857176  2.700302857142928  3.343981114108142  3.163863431925902 
 1.448371827794579  0.051053063601216  1.082990892099075  2.343095298263835 
 1.867715618221130  0.399514922776568  3.829215312510955  3.584581781686481 
 1.709639775668657  1.506808024158694  2.551450237477433  3.869730485518001 
-0.372173417047038  0.070437568258084  0.637249587236861  0.380865962635592 
 0.603033183520605  0.121821518443200  0.526351561063023  1.757330991013626 
 2.467899879081085  0.172956852031429  2.942517434207967  2.108434870541513 
 1.415052766251770 -0.178233053537327  1.936079003778657  2.921985885716304 
 0.880438416772575 -0.201476368560347  2.815105573849094  1.638057041898516 
 1.539563571428580  1.758607142857126  1.365276673841499  3.171287326833480 
 1.873090026109661  0.490076642297616  2.531897362140739  2.604952477491435 
 0.626353043941626  0.891705678832150  3.397092456121631  3.344684995178406 
 2.747747919655662  0.436239208464851  3.172180266512885  3.488779832748272 
 2.586900583090398  2.072414577259483  2.377047275655637  3.330110700982833 
 1.449251168501255  1.481863590177830  3.638260454659426  2.539129120401682 
 1.135617661870465  0.458695949730219  3.443834109283744  3.626223195073641 
 2.626369552238764  1.776677462686501  3.861278182774432  3.586845857447300 
 0.364904878900289  0.095197069498323  1.003337344456666  1.002567515460998 
 0.321489783944245  0.081591006683430  1.548648082924940  0.611537354412792 
 1.359156812339319 -0.156205036362469  1.847387780576980  1.534457983619191 
 0.199295923772133  0.083228828196288  1.584012602044164  1.100288941192366 
 2.049830079365091  0.649202087301591  3.121130027023803  1.681290766161278 
 0.982837826340311 -0.309894857925402  1.918022532503606  2.444693327885497 
 1.982135357917538  1.006272665249461  0.588721063088212  3.129427618491632 
 1.003391080988320  0.400312333562118  2.169628638004772  1.951427771347542 
 1.852610252600274 -0.055430896353641  2.162055133817623  2.342447238463071 
 1.491922626619557 -0.500603309776210  2.790985695428318  2.058346268175266 
 1.628151329978472  0.201728104169661  2.581613976171835  3.508392179034195 
 1.601985539112057  1.056631712473576  2.853921574808644  0.586824445760916 
 1.819455019556706  2.295643415906114  2.294214536216650  3.268984009132009 
 2.062032020997372  1.636767104111988  3.680760112010528  2.915567566231946 
 1.136847542277339  1.751779255918815  2.261041313734210  3.239168478036416 
 0.958586441176464  0.306695898882352  3.253313419041153  2.423581744017214 
 0.665237051903094  1.820066608996557  3.335011122723097  3.148868441220679 
 1.420732602409642  2.066255903614447  3.344182359076364  2.138737721669965 
 2.058065696087370  0.765803375796177  2.751671835119871  3.920053231389600 
 2.456900298507374  0.709349679701482  1.267364815283492  2.833348197016456 
 2.321827210365849  0.882657439024408  2.333629446721483  2.664603545496793 
 0.154144379310357  0.083449293275865  1.374816549012400  0.200869967051759 
-0.112642374755045  0.072403272519412  0.952651740069915  0.564112143970593 
 0.857238496541687  0.076100551210410  1.173502336291769  1.298878788163495 
 0.680603800915330  0.168636978341557  1.729058045960907  1.723257435733610 
 0.333246859032688  0.088806239689045  1.967825063793365  1.535237741757050 
-0.155654231551412  0.070806037217476  0.584104654227545  0.849832407506781 
 0.461453547628375 -0.050839382458251  2.140712343601683  2.187109794763854 
 1.163695946859902  0.355766367628012  1.585303364838686  2.881828307196470 
 0.722288352891867  0.167554932502223  1.699878648159868  2.759389074392078 
 0.265887659781867  0.080363199919790  0.877386553321912  1.663158101426354 
 0.748935425302822  0.714310491251683  2.920977432047470  1.943345552688924 
 0.970208590466426  0.144269523492568  0.980985553097400  2.451768333744213 
 1.686396015037605  0.165006467511280  3.480482663736008  2.348448111159654 
 0.994581172069823  0.357739158769743  2.195821969911595  0.624945575680446 
 0.803821276654409 -0.242787125753676  2.906904407688755  2.773817614723641 
 1.737642343541940  0.581750250332889  1.732885173040576  1.718066755532303 
 2.949661381475674  1.211377167974880  1.967176112040797  3.444004031341771 
 1.141499165998407  0.891242894947861  2.263071070098102  3.562972139471416 
 0.598330747207955  1.170230292056088  2.233196122826545  2.702722109295827 
 1.740592351505286  0.092926388185517  2.767645850096097  1.466747655534076 
 1.589418184615401  0.973994379487182  4.029878731672287  2.895849563837125 
 1.876233176691710  0.249202542011278  1.340237790092917  2.854548646197755 
 2.244269779643263  0.269270056526758  2.127763924795020  3.296255447887414 
 1.905470291095874  1.682760530821923  2.435286706351969  2.326940705967874 
 1.336611003861000  0.475439845559844  2.945531947499573  1.707219147623911 
 1.180154872521249  0.363216000708217  0.419137957066344  2.381567993204841 
 2.037201744186064  1.224960368217062  3.772567753562849  1.919412116743468 
 1.419739703574540  0.973224428945072  3.230027641241238  1.507840558219616 
 1.210705621840239  1.228787745197171  3.439700306218339  3.819837074957607 
 1.070820215369558  0.158485389164951  2.326248776141123  3.064828191647453 
 1.561795824915838  0.814249542087537  2.903649663874826  3.497825871030238 
 2.156599513382003  0.693395920519056  3.651445114582079  2.728272344751808 
 1.442819794344455  1.903545372750640  3.725509161412291  3.712655993429752 
 1.340833657917019 -0.115531787342084  3.187134709134961  3.031373647231191 
-0.201072493101465  0.070802237758264  0.930213760612890  0.941312329046317 
 0.016492584336270  0.076557366340600  1.212085501590152  0.838988182653600 
 0.026363035477340  0.075359485439029  0.775821564996529  1.164616223602135 
-0.394236472310319  0.066198756610034  0.703110492631539  0.712704278872448 
-0.609007288043478  0.061494357938044  0.489735201602517  0.569948371614212 
-0.325228190194582  0.066876154615414  0.337863849168256  0.659746912608816 
 0.184611758727506  0.084213502890054  1.376923104434305  1.608353783107489 
 0.537112630200756  0.049800730722723  1.945387937130177  0.993979128665952 
 0.702376981481484 -0.161195349059259  1.914770215332918  1.424027494229260 
 0.038566042736782  0.075519288654964  1.149722481818903  1.254994212643189 
 0.772336616231085  0.551885813846859  1.456995019693550  2.018767521927315 
 0.453703883181127  0.076706660845796  1.336128379641904  1.439215304363539 
 0.487718203905218  0.416678446687142  2.078071067971531  2.054014127473932 
 1.209369985394364  0.823170418695229  1.964910180461297  2.169693963894276 
 0.587014467532470  0.182648211223052  1.030262268491860  1.992436103717559 
 0.669288579454255 -0.147367013418940  1.394812083280405  2.046103407648610 
 0.368718029578046  0.139031417320449  1.477061178788478  2.150300877828210 
 1.061902809734516  0.185491968237464  2.282647903239450  1.286548823689316 
 0.825830514782610  0.085729545421599  2.324861367866720  2.172867107361641 
 1.625086033824338  0.869047599563557  2.576714474360319  2.247485337693529 
 1.218401878306876  0.416131792592594  1.399622606961283  1.511854965154283 
 1.029703782312925  0.739993721088435  2.312602723248554  1.248117785192619 
 0.119891190059279  0.077965958431373  0.399989385738726  1.213785500084063 
 2.278799710982651  1.711208526011562  1.453300569190668  3.111608257427307 
 0.660060957012590  0.243654488516804  2.684954689571613  1.547889801689756 
 0.940062592087310  1.108376643929063  1.259228185184277  2.994483569044947 
 0.507082743142144  0.249593086034913  2.813683317643328  2.830559864438426 
 1.113930709001228  0.987943834771882  3.207032003995234  2.535226982407116 
 1.115691998097056 -0.152933758446242  2.381112404124459  0.771227976102050 
 1.552570546163841  0.591577948634590  1.887072452454964  3.371124158777474 
 1.159173165322578  1.446885987903229  2.802662678568408  1.658955366386322 
 0.841662807486635  0.580609203208559  2.213446779689281  2.863609131458553 
 1.990926605504593  1.180431917431191  2.137180131585724  1.637105544025039 
 1.447115105485237  0.834492194092829  1.132637492320349  2.630154565472309 
 1.240915896226413  0.042698298057890  2.712706071253097  2.046536839257768 
 1.893327679205115  1.026392427253374  1.714268557232446  3.145467299761896 
 1.316595083406493  0.476836931518876  2.609451509817791  2.681459238989309 
 1.452963394636017  0.599389862068964  3.623464578001732  2.479415975598604 
 1.452781008064513  0.290782232846775  2.019871577957854  2.213294977408120 
