 0.429574906929243  2.000000000000000 40001.000000000000000 
 0.418328435072054  2.000000000000000 2431.000000000000000 
 0.274073907193305  3.000000000000000 10496.000000000000000 
 0.265680661641602  3.000000000000000 2650.000000000000000 
 0.264648251287927  3.000000000000000 905.000000000000000 
 0.264450098197980  3.000000000000000 402.000000000000000 
 0.153313720214089  5.000000000000000 12716.000000000000000 
 0.144799406460468  5.000000000000000 3563.000000000000000 
 0.142296063177251  5.000000000000000 1800.000000000000000 
 0.141611320345469  5.000000000000000 742.000000000000000 
 0.088714968889346  8.000000000000000 12743.000000000000000 
 0.086158968255838  8.000000000000000 2389.000000000000000 
 0.085970824815000  8.000000000000000 609.000000000000000 
 0.058756504751738 13.000000000000000 11519.000000000000000 
 0.056893532172500 13.000000000000000 2700.000000000000000 
 0.055147347899977 13.000000000000000 2589.000000000000000 
 0.053706094270418 13.000000000000000 2282.000000000000000 
 0.053055228751367 13.000000000000000 1532.000000000000000 
 0.052729699423414 13.000000000000000 1212.000000000000000 
 0.052513869975302 13.000000000000000 984.000000000000000 
 0.052423014799399 13.000000000000000 606.000000000000000 
 0.034423009329551 21.000000000000000 13063.000000000000000 
 0.033055651802986 21.000000000000000 3003.000000000000000 
 0.032642305971631 21.000000000000000 1805.000000000000000 
 0.032437451019808 21.000000000000000 1004.000000000000000 
 0.021473839181574 34.000000000000000 12254.000000000000000 
 0.020808973218739 34.000000000000000 2623.000000000000000 
 0.020221710399311 34.000000000000000 2228.000000000000000 
 0.020031122668534 34.000000000000000 1108.000000000000000 
 0.019905342975227 34.000000000000000 843.000000000000000 
 0.012806449011138 55.000000000000000 12711.000000000000000 
 0.012287173919400 55.000000000000000 2077.000000000000000 
 0.012190443299057 55.000000000000000 973.000000000000000 
 0.007681820845834 89.000000000000000 12787.000000000000000 
 0.007410651039722 89.000000000000000 1809.000000000000000 
 0.007285773179798 89.000000000000000 837.000000000000000 
 0.004454705128079 144.000000000000000 11569.000000000000000 
 0.004334618495329 144.000000000000000 1160.000000000000000 
 0.004304701505805 144.000000000000000 621.000000000000000 
 0.002677044438697 233.000000000000000 10434.000000000000000 
 0.002557440665356 233.000000000000000 1451.000000000000000 
 0.002485253742847 233.000000000000000 870.000000000000000 
 0.002453549718465 233.000000000000000 414.000000000000000 
 0.000547564768683 377.000000000000000 15070.000000000000000 
 0.000494495490223 377.000000000000000 382.000000000000000 
 0.000201026241601 400.000000000000000 2334.000000000000000 
 0.000196486565993 400.000000000000000 32.000000000000000 
 0.000196486565993 400.000000000000000  0.000000000000000 
