-0.004640970279028 4910.000000000000000 
 0.201225000000015 1631.000000000000000 
-0.093732763978016 3273.000000000000000 
-0.045447476866574 1634.000000000000000 
-6.402379999999909  1.000000000000000 
 0.024394265733413 1643.000000000000000 
 0.057068976605504 3270.000000000000000 
 0.118096190476190 1638.000000000000000 
 2.866439999999999  1.000000000000000 
-3.315769999999999  1.000000000000000 
 7.194060000000000  1.000000000000000 
-4.030683333333333  3.000000000000000 
-1.205136666666667  3.000000000000000 
-0.076105121563833 1637.000000000000000 
 4.397879999999999  1.000000000000000 
-5.028290000000001  2.000000000000000 
 0.028062287038732 3279.000000000000000 
 0.192413000000000 1631.000000000000000 
 0.198451282317088  0.000000000000000 
 0.962502999999999  1.000000000000000 
-0.028730791726106 4907.000000000000000 
 0.074731266850378 4899.000000000000000 
-2.046130000000002  1.000000000000000 
-4.294719999999998  1.000000000000000 
-5.921370000000000  2.000000000000000 
 0.091480081431630 3269.000000000000000 
 2.002079999999999  1.000000000000000 
-0.226431500000000  4.000000000000000 
-0.058342059331305 1645.000000000000000 
-0.001533043623856 3278.000000000000000 
 8.114150000000000  1.000000000000000 
-0.018101290959072 4911.000000000000000 
 0.049251938847015 4909.000000000000000 
-0.042233600669101 1644.000000000000000 
 0.012677857893130 3275.000000000000000 
-2.712036666666667  3.000000000000000 
-1.437420000000000  1.000000000000000 
-0.082352405993884 1635.000000000000000 
 0.523553000000000  1.000000000000000 
-4.604880000000000  1.000000000000000 
-2.509654000000000  5.000000000000000 
-5.730884999999999  2.000000000000000 
 0.142722500000000  6.000000000000000 
 0.104072942883323 1637.000000000000000 
 0.066196922865854 1640.000000000000000 
-0.779320000000000  1.000000000000000 
-0.063396304102877 4899.000000000000000 
-3.663600000000000  1.000000000000000 
 0.043888156917476 1648.000000000000000 
 0.035670438647933 4911.000000000000000 
-2.987045000000000  2.000000000000000 
-0.090030087904704 1637.000000000000000 
-0.433095000000000  3.000000000000000 
-0.151151263157895 19.000000000000000 
-0.032261674969623 1646.000000000000000 
 0.016329656160751 4902.000000000000000 
-5.302630000000000  1.000000000000000 
-0.068089967370030 3270.000000000000000 
 0.765313333333333  3.000000000000000 
-0.012769734463961 1651.000000000000000 
-0.024795871118582 3272.000000000000000 
 0.061324284717405 4901.000000000000000 
 0.079523810365854 1640.000000000000000 
-0.015979885714286 14.000000000000000 
 0.002911027500000 1664.000000000000000 
-0.014250040000000 10.000000000000000 
 0.000661421294770 6539.000000000000000 
-0.007768132399572 6547.000000000000000 
-0.055620025591268 1649.000000000000000 
-0.039270391760147 4903.000000000000000 
-0.048510394682151 1636.000000000000000 
-5.511975000000000  2.000000000000000 
-1.074885000000000  2.000000000000000 
-6.512640000000000  1.000000000000000 
-4.771364999999999  2.000000000000000 
-4.357623333333334  3.000000000000000 
 0.046756190909091 11.000000000000000 
 0.053883306505803 3274.000000000000000 
 0.014427187948874 1643.000000000000000 
-0.955971000000000  1.000000000000000 
-2.875880000000000  2.000000000000000 
 0.020973963863498 1641.000000000000000 
 0.022076427045177 1638.000000000000000 
 0.031225707729763 1643.000000000000000 
-0.065329964042423 4903.000000000000000 
-0.070894097675130 3269.000000000000000 
 0.682847000000000  1.000000000000000 
-0.035639402388242 1633.000000000000000 
-0.044854887461774 1635.000000000000000 
-0.037003335578690 1633.000000000000000 
 1.112780000000000  1.000000000000000 
-3.926440000000000  1.000000000000000 
-0.309519500000000  2.000000000000000 
 0.033375158863081 1636.000000000000000 
-0.085954700000000  8.000000000000000 
-0.078044142857143  7.000000000000000 
-0.069809389767157 3264.000000000000000 
-0.080097475000000  4.000000000000000 
-0.072874523044010 1636.000000000000000 
-2.416680000000000  1.000000000000000 
-3.761385000000000  2.000000000000000 
-0.020255792307692 13.000000000000000 
-0.022591925000000 12.000000000000000 
-0.036537700000000  3.000000000000000 
-0.033621838461538 13.000000000000000 
-0.038083197069597 1638.000000000000000 
-0.026985655467801 1646.000000000000000 
 0.017837362352462 4914.000000000000000 
 0.010372868271084 1660.000000000000000 
-0.111211523809524 21.000000000000000 
 2.102530000000000  1.000000000000000 
 2.966350000000000  1.000000000000000 
 0.197319412124938  0.000000000000000 
 0.190228000000000  1.000000000000000 
 0.196009412124938  0.000000000000000 
 0.191729412124938  0.000000000000000 
 0.201069412124938  0.000000000000000 
 0.197099412124938  0.000000000000000 
 0.245652500000000  2.000000000000000 
-4.204290000000000  1.000000000000000 
-6.602930000000000  1.000000000000000 
-0.036900527093095  0.000000000000000 
-0.049911148238153 1646.000000000000000 
-0.046522816666667  6.000000000000000 
-0.045400527093095  0.000000000000000 
-0.047788544444444  9.000000000000000 
-0.040322219216646 3268.000000000000000 
 0.070552725000000  8.000000000000000 
