0.418000 0.395000 
0.500000 0.250003
0.380000 0.377000
0.399000 0.437000
0.300000 0.549995
0.370000 0.418000
0.432000 0.405000
0.442000 0.410000
0.426000 0.384000
0.421000 0.437000
0.600008 0.700000
0.666670 0.533333
0.388000 0.447000
0.385000 0.437000
0.200000 0.100000
0.401000 0.428000
0.415000 0.438000
0.411000 0.397000
0.666665 0.266670
0.300000 0.250004
0.410000 0.405000
0.373000 0.392000
0.412000 0.366000
0.405000 0.388000
0.200002 0.700000
0.500000 0.549999
0.133337 0.266669
0.385000 0.409000
0.133335 0.533330
0.600002 0.100000
0.440000 0.399000
0.395000 0.357000
