0.418000 0.395000 
0.435000 0.381000 
0.380000 0.377000 
0.399000 0.437000 
0.385000 0.447000 
0.370000 0.418000 
0.432000 0.405000 
0.442000 0.410000 
0.426000 0.384000 
0.421000 0.437000 
0.439000 0.440000 
0.427000 0.442000 
0.388000 0.447000 
0.385000 0.437000 
0.360000 0.369000 
0.401000 0.428000 
0.415000 0.438000 
0.411000 0.397000 
0.418000 0.361000 
0.385000 0.353000 
0.410000 0.405000 
0.373000 0.392000 
0.412000 0.366000 
0.405000 0.388000 
0.352000 0.428000 
0.427000 0.441000 
0.370000 0.357000 
0.385000 0.409000 
0.354000 0.420000 
0.448000 0.364000 
0.440000 0.399000 
0.395000 0.357000 
