0.325627 
0.322788 
0.319851 
0.318170 
0.318083 
0.313450 
0.310785 
0.310189 
0.306481 
0.302366 
0.301437 
0.298651 
0.292151 
0.296258 
0.296878 
0.301893 
0.297328 
0.294727 
0.296895 
0.288826 
0.285825 
0.287844 
0.286267 
0.287314 
0.288485 
0.288371 
0.277566 
0.279807 
0.270233 
0.277112 
0.283074 
0.271001 
0.281961 
0.280959 
0.277352 
0.268967 
0.270333 
0.273312 
0.280376 
0.267064 
0.264849 
0.273525 
0.271808 
0.265870 
0.266663 
0.262479 
0.264041 
0.268560 
0.265204 
0.260193 
0.270045 
0.267053 
0.271091 
0.265555 
0.257104 
0.262283 
0.263182 
0.264859 
0.260906 
0.271423 
0.273566 
0.278970 
0.268384 
0.263276 
0.258660 
0.262826 
0.257919 
0.259465 
0.262617 
0.251301 
0.264552 
0.256783 
0.251480 
0.258816 
0.245159 
0.243677 
0.260442 
0.250860 
0.258140 
0.252334 
0.255972 
0.254373 
0.248029 
0.245102 
0.243534 
0.255179 
0.247531 
0.259234 
0.243365 
0.253864 
0.254481 
0.244399 
0.240004 
0.246394 
0.243718 
0.244003 
0.242059 
0.262867 
0.266135 
0.250162 
0.245364 
0.238598 
0.239402 
0.250491 
0.244572 
0.232156 
0.240361 
0.235250 
0.232702 
0.247572 
0.254983 
0.235864 
0.235328 
0.252851 
0.242804 
0.239159 
0.231297 
0.243629 
0.236679 
0.238596 
0.239214 
0.233730 
0.232962 
0.242423 
0.245784 
0.237795 
0.248889 
0.231165 
0.241473 
0.233833 
0.230236 
0.235479 
0.227810 
0.240183 
0.242938 
0.226619 
0.240504 
0.231608 
0.234036 
0.238726 
0.241601 
0.232495 
0.246930 
0.237901 
0.239881 
0.230777 
0.230520 
0.234050 
0.237671 
0.234583 
0.231596 
0.220976 
0.219089 
0.230247 
0.218640 
0.224963 
0.227905 
0.238184 
0.232079 
0.243553 
0.225995 
0.226247 
0.219588 
0.219094 
0.231416 
0.228430 
0.226680 
0.234555 
0.241010 
0.224729 
0.227652 
0.229488 
0.223120 
0.215466 
0.220379 
0.219503 
0.228016 
0.218265 
0.211268 
0.215228 
0.217499 
0.228239 
0.225608 
0.221275 
0.219983 
0.238451 
0.220286 
0.229873 
0.211785 
0.217290 
0.223738 
0.222976 
0.238213 
0.222920 
0.240728 
0.223732 
0.239193 
0.242961 
0.229948 
0.225709 
0.230204 
0.232418 
0.216399 
0.218938 
0.227911 
0.234416 
0.235474 
0.222688 
0.220272 
0.230360 
0.239759 
0.227333 
0.228982 
0.214443 
0.232761 
0.229257 
0.237853 
0.232345 
0.232283 
0.223306 
0.220451 
0.220537 
0.230434 
0.232296 
0.237886 
0.231003 
0.230434 
0.241350 
0.223202 
0.226708 
0.225079 
0.245171 
0.234593 
0.222877 
0.211951 
0.214785 
0.200862 
0.224642 
0.221907 
0.208991 
0.225942 
0.216310 
0.222978 
0.221775 
0.237234 
0.234152 
0.213285 
0.209076 
0.211440 
0.220263 
0.212256 
0.210617 
0.207056 
0.206365 
0.204601 
0.208129 
0.204128 
0.217362 
0.215717 
0.217060 
0.217329 
0.201865 
0.212609 
0.219046 
0.218781 
0.208165 
0.205118 
0.214622 
0.206190 
0.217592 
0.217453 
0.211530 
0.207910 
0.223681 
0.202837 
0.214564 
0.208677 
0.211084 
0.204756 
0.210488 
0.218653 
0.206040 
0.214522 
0.227835 
0.222669 
0.236557 
0.214360 
0.202095 
0.209492 
0.209749 
0.217855 
0.217967 
0.213424 
0.204624 
0.218089 
0.226113 
0.214594 
0.225225 
0.212345 
0.217202 
0.215335 
0.200506 
0.211588 
0.204346 
0.216252 
0.205799 
0.201511 
0.223133 
0.221902 
0.198586 
0.216745 
0.218745 
0.207021 
0.216123 
0.205194 
0.213113 
0.209047 
0.193724 
0.204801 
0.200910 
0.184013 
0.209171 
0.212589 
0.203650 
0.204649 
0.221432 
0.223671 
0.205751 
0.209572 
0.196604 
0.197570 
0.197337 
0.208122 
0.204505 
0.206903 
0.190514 
0.208776 
0.203911 
0.206601 
0.205762 
0.209704 
0.205782 
0.204904 
0.209889 
0.205767 
0.209577 
0.217269 
0.199231 
0.200686 
0.217931 
0.209212 
0.196395 
0.197161 
0.203500 
0.203497 
0.206385 
0.217249 
0.208449 
0.207469 
0.200141 
0.200365 
0.198121 
0.197444 
0.207469 
0.209200 
0.219339 
0.217660 
0.195906 
0.206421 
0.208235 
0.191054 
0.190855 
0.194570 
0.215954 
0.205555 
0.203123 
0.199267 
0.199637 
0.194320 
0.202824 
0.199750 
0.205048 
0.198800 
0.197456 
0.214108 
0.214891 
0.214053 
0.201761 
0.199340 
0.207038 
0.201444 
0.196968 
0.204109 
0.193726 
0.197864 
0.204072 
0.196338 
0.212663 
0.203336 
0.217877 
0.223576 
0.232562 
0.210167 
0.204474 
0.205766 
0.210988 
0.206033 
0.211448 
0.194684 
0.191870 
0.195757 
0.196114 
0.198094 
0.191635 
0.194636 
0.210005 
0.194092 
0.182924 
0.190352 
0.201964 
0.187738 
0.210244 
0.206097 
0.200324 
0.207257 
0.209857 
0.207696 
0.174434 
0.182633 
0.224191 
0.215739 
0.207580 
0.207566 
0.215537 
0.208078 
0.205305 
0.212662 
0.190292 
0.188452 
0.202217 
0.199052 
0.207126 
0.191789 
0.193006 
0.206166 
0.201155 
0.188763 
0.184354 
0.196166 
0.197415 
0.193717 
0.196773 
0.192329 
0.194837 
0.188480 
0.196574 
0.201264 
0.185202 
0.208088 
0.183912 
0.190631 
0.211163 
0.205840 
0.183086 
0.183272 
0.189614 
0.191709 
0.199077 
0.193804 
0.185882 
0.204686 
0.192319 
0.197884 
0.187185 
0.197771 
0.203191 
0.204510 
0.193680 
0.183462 
0.188280 
0.189503 
0.185131 
0.187224 
0.208699 
0.201559 
0.189357 
0.191646 
0.199771 
0.205448 
0.208083 
0.209908 
0.210913 
0.201814 
0.212135 
0.201856 
0.186951 
0.208130 
0.206696 
0.207127 
0.196854 
0.201101 
0.202292 
0.196482 
0.206015 
0.216888 
0.192519 
0.180028 
0.181604 
0.204830 
0.172883 
0.182453 
0.198223 
0.180023 
0.181733 
0.214129 
0.195723 
0.207676 
0.195105 
0.187090 
0.177590 
0.184217 
0.180585 
0.210483 
0.206452 
0.200073 
0.198410 
0.197878 
0.195950 
0.193905 
0.218281 
0.208810 
0.204852 
0.201155 
0.195906 
0.214271 
0.212460 
0.202562 
0.209540 
0.197643 
0.211549 
0.194813 
0.196644 
0.191597 
0.206910 
0.197541 
0.185269 
0.184080 
0.189878 
0.179574 
0.195767 
0.190211 
0.196124 
0.212024 
0.211319 
0.191852 
0.193680 
0.197213 
0.196227 
0.185724 
0.188254 
0.197542 
0.184456 
0.183365 
0.182420 
0.188330 
0.188300 
0.196172 
0.209121 
0.201311 
0.198190 
0.199476 
0.202120 
0.188176 
0.177240 
0.195931 
0.183124 
0.178242 
0.188553 
0.186693 
0.193740 
0.187164 
0.189830 
0.187332 
0.174323 
0.179787 
0.197267 
0.186671 
0.198868 
0.183484 
0.186660 
0.180797 
0.182401 
0.175504 
0.181832 
0.193439 
0.196757 
0.190726 
0.196529 
0.199292 
0.187324 
0.194635 
0.186410 
0.182892 
0.191421 
0.194779 
0.196367 
0.196015 
0.203031 
0.199689 
0.196718 
0.190551 
0.188238 
0.192473 
0.202910 
0.193976 
0.188681 
0.183441 
0.182535 
0.168616 
0.180786 
0.175914 
0.189580 
0.189223 
0.185689 
0.176931 
0.183294 
0.175255 
0.182306 
0.179163 
0.179958 
0.202736 
0.192950 
0.190765 
0.182102 
0.175012 
0.204040 
0.224260 
0.196696 
0.183818 
0.188097 
0.200289 
0.186980 
0.181633 
0.186422 
0.203306 
0.192275 
0.205976 
0.178019 
0.194003 
0.187467 
0.186519 
0.183482 
0.175166 
0.189733 
0.187063 
0.191900 
0.176158 
0.170648 
0.181719 
0.180300 
0.190559 
0.172233 
0.171340 
0.181652 
0.178111 
0.178682 
0.187527 
0.177877 
0.169279 
0.190881 
0.196782 
0.193997 
0.190100 
0.184855 
0.185389 
0.193895 
0.189007 
0.192867 
0.176544 
0.176044 
0.171404 
0.176097 
0.172810 
0.176159 
0.185965 
0.192289 
0.171331 
0.186183 
0.196431 
0.180354 
0.194798 
0.204769 
0.191493 
0.194143 
0.188473 
0.181245 
0.183556 
0.182133 
0.182073 
0.180480 
0.183201 
0.178177 
0.204463 
0.194389 
0.189502 
0.193654 
0.187231 
0.172709 
0.177392 
0.189907 
0.182236 
0.177848 
0.170801 
0.191760 
0.206078 
0.198789 
0.191495 
0.182029 
0.172884 
0.166993 
0.185588 
0.209738 
0.199546 
0.198594 
0.202678 
0.203283 
0.197994 
0.194878 
0.197358 
0.195714 
0.194251 
0.186978 
0.180117 
0.184827 
0.191074 
0.195700 
0.187714 
0.181102 
0.185686 
0.184333 
0.186448 
0.202799 
0.179211 
0.174791 
0.184185 
0.168793 
0.185986 
0.186529 
0.191221 
0.196274 
0.188037 
0.178093 
0.211984 
0.179289 
0.188256 
0.185792 
0.175087 
0.168643 
0.164973 
0.175952 
0.188025 
0.207959 
0.206108 
0.200995 
0.194321 
0.178183 
0.182736 
0.191827 
0.203180 
0.191835 
0.200845 
0.196588 
0.169709 
0.187935 
0.214704 
0.204141 
0.196514 
0.188048 
0.179562 
0.179656 
0.180782 
0.180830 
0.181477 
0.205681 
0.197191 
0.201411 
0.190739 
0.200846 
0.205634 
0.184193 
0.182306 
0.184234 
0.181167 
0.198094 
0.188704 
0.178617 
0.186817 
0.180210 
0.186321 
0.196433 
0.194365 
0.210383 
0.193869 
0.187349 
0.204508 
0.186317 
0.201300 
0.222460 
0.183230 
0.186634 
0.185115 
0.194923 
0.206497 
0.186008 
0.194296 
0.195656 
0.185756 
0.186539 
0.192471 
0.195983 
0.181074 
0.177972 
0.192650 
0.188222 
0.174995 
0.191917 
0.195769 
0.180796 
0.184209 
0.194662 
0.189827 
0.173117 
0.192964 
0.186855 
0.175156 
0.178634 
0.176819 
0.187213 
0.178296 
0.188639 
0.176354 
0.180985 
0.178176 
0.179402 
0.179310 
0.173380 
0.174103 
0.177480 
0.181743 
0.162944 
0.182441 
0.177823 
0.183453 
0.183381 
0.184633 
0.191546 
0.186462 
0.181363 
0.180292 
0.178118 
0.167562 
0.169832 
0.178751 
0.171731 
0.172224 
0.178380 
0.204223 
0.190579 
0.214797 
0.201979 
0.190884 
0.199499 
0.197046 
0.186877 
0.188209 
0.166648 
0.169533 
0.174872 
0.178627 
0.179462 
0.178169 
0.184530 
0.173622 
0.173004 
0.171971 
0.177258 
0.186021 
0.194739 
0.195572 
0.193392 
0.181282 
0.198510 
0.189534 
0.202386 
0.184687 
0.199869 
0.188598 
0.186554 
0.209899 
0.193512 
0.174668 
0.175293 
0.178348 
0.176358 
0.203319 
0.198955 
0.183057 
0.185982 
0.184022 
0.194376 
0.195148 
0.196865 
0.181511 
0.187883 
0.181066 
0.178531 
0.187014 
0.191545 
0.185506 
0.172119 
0.178582 
0.164242 
0.175052 
0.179092 
0.177461 
0.194454 
0.189871 
0.184644 
0.175661 
0.175180 
0.175565 
0.172510 
0.175035 
0.178210 
0.198402 
0.187435 
0.177463 
0.182476 
0.187232 
0.185763 
0.171493 
0.162169 
0.160540 
0.175750 
0.164350 
0.176535 
0.173569 
0.181745 
0.169622 
0.169982 
0.166756 
0.166828 
0.180096 
0.177544 
0.192712 
0.196636 
0.191381 
0.185709 
0.179657 
0.167554 
0.166871 
0.172231 
0.173038 
0.170637 
0.159262 
0.173107 
0.164883 
0.169595 
0.174908 
0.199641 
0.191197 
0.192653 
0.180962 
0.191321 
0.182949 
0.183590 
0.166113 
0.179373 
0.184859 
0.191658 
0.179733 
0.185526 
0.172855 
0.175054 
0.171948 
0.171963 
0.172268 
0.174663 
0.183326 
0.190496 
0.172092 
0.168299 
0.184412 
0.187384 
0.183337 
0.168808 
0.175590 
0.182976 
0.179319 
0.171659 
0.170564 
0.189214 
0.180529 
0.190496 
0.189747 
0.200950 
0.209735 
0.186797 
0.167258 
0.170750 
0.181611 
0.184881 
0.179719 
0.188630 
0.185579 
0.202790 
0.198586 
0.195383 
0.184634 
0.188116 
0.197637 
0.185564 
0.179539 
0.165853 
0.173251 
0.187404 
0.208431 
0.190706 
0.178476 
0.180691 
0.175815 
0.183272 
0.191614 
0.178803 
0.176851 
0.178304 
0.188789 
0.201175 
0.206532 
0.197419 
0.189779 
0.192490 
0.177876 
0.198314 
0.170928 
0.175228 
0.184896 
0.188811 
0.174611 
0.188098 
0.177875 
0.183651 
0.170652 
0.182511 
0.184797 
0.185543 
0.169174 
0.174973 
0.196880 
0.188486 
0.205214 
0.166860 
0.175081 
0.172314 
0.174148 
0.179959 
0.178664 
0.186339 
0.175671 
0.180766 
0.186598 
0.188652 
0.183437 
0.177370 
0.181768 
0.177277 
0.189929 
0.180295 
0.172217 
0.178804 
0.169429 
0.163007 
0.187976 
0.181650 
0.176974 
0.176483 
0.174162 
0.168847 
0.175915 
0.182213 
0.194036 
0.174549 
0.184859 
0.178988 
0.179537 
0.174251 
0.185351 
0.191154 
0.176219 
0.196391 
0.186572 
0.168203 
0.178283 
0.159906 
0.209707 
0.188560 
0.186293 
0.193793 
0.179354 
0.171154 
0.190901 
0.169510 
0.152999 
0.183547 
0.163151 
0.175885 
0.176811 
0.173658 
0.192210 
0.176849 
0.166124 
0.162418 
0.167332 
0.168416 
0.177689 
0.183959 
0.183791 
0.172568 
0.168275 
0.169955 
0.161406 
0.167282 
0.172153 
0.168748 
0.165116 
0.159733 
0.170015 
0.173756 
0.179875 
0.160374 
0.167722 
0.161691 
0.162168 
0.164294 
0.175087 
0.173107 
0.178246 
0.177282 
0.176687 
0.171670 
0.175121 
0.170234 
0.170432 
0.170000 
0.168007 
0.162543 
0.169933 
0.175863 
0.166898 
0.161726 
0.153737 
0.153671 
0.163381 
0.165532 
0.161839 
0.192056 
0.179829 
0.189099 
0.171271 
0.183046 
0.174309 
0.199742 
0.168266 
0.165342 
0.188321 
0.204238 
0.169485 
0.163624 
0.171288 
0.158664 
0.166910 
0.178863 
0.186399 
0.180655 
0.157455 
0.180769 
0.188419 
0.185769 
0.186260 
0.173437 
0.174112 
0.163498 
0.173948 
0.173061 
0.178128 
0.184666 
0.167678 
0.163756 
0.162263 
0.168165 
0.167682 
0.174556 
0.188074 
0.172057 
0.164831 
0.176564 
0.179979 
0.179522 
0.176826 
0.173303 
0.180660 
0.167542 
0.178894 
0.165984 
0.173397 
0.167173 
0.167628 
0.166364 
0.165708 
0.167807 
0.169807 
0.176815 
0.163047 
0.174280 
0.163802 
0.172765 
0.178244 
0.179342 
0.172644 
0.165814 
0.179727 
0.169765 
0.156437 
0.182075 
0.187176 
0.192571 
0.186190 
0.189736 
0.193867 
0.189391 
0.177977 
0.168330 
0.163026 
0.172724 
0.188469 
0.169764 
0.167052 
0.167319 
0.181919 
0.179419 
0.176654 
0.181453 
0.176544 
0.173301 
0.168697 
0.190986 
0.175715 
0.170857 
0.161999 
0.174878 
0.171954 
0.160985 
0.182615 
0.166646 
0.191149 
0.192788 
0.184054 
0.177500 
0.173061 
0.173336 
0.159361 
0.154964 
0.174360 
0.179887 
0.149415 
0.155567 
0.159791 
0.161727 
0.177807 
0.152852 
0.160996 
0.155699 
0.152074 
0.154229 
0.176169 
0.158725 
0.163556 
0.154594 
0.163910 
0.163054 
0.161409 
0.160242 
0.163537 
0.165311 
0.161828 
0.163448 
0.163858 
0.170453 
0.175607 
0.181887 
0.174278 
0.164566 
0.166712 
0.152214 
0.153205 
0.158576 
0.160954 
0.172347 
0.163203 
0.169115 
0.158840 
0.162367 
0.161294 
0.171861 
0.169358 
0.165432 
0.162102 
0.180773 
0.166652 
0.165924 
0.167927 
0.174974 
0.162938 
0.164276 
0.161991 
0.166910 
0.167898 
0.180471 
0.171485 
0.161672 
0.173912 
0.182547 
0.176238 
0.175986 
0.172518 
0.165554 
0.156394 
0.170991 
0.175329 
0.175423 
0.159648 
0.162011 
0.187655 
0.187745 
0.170530 
0.160994 
0.156817 
0.154843 
0.159714 
0.172775 
0.175361 
0.184857 
0.166154 
0.169832 
0.169950 
0.164945 
0.165901 
0.164001 
0.163089 
0.159104 
0.163308 
0.162431 
0.165419 
0.177072 
0.182712 
0.185959 
0.173990 
0.168630 
0.177805 
0.169585 
0.156474 
0.170616 
0.174000 
0.166147 
0.167513 
0.154493 
0.153198 
0.151951 
0.145281 
0.158637 
0.161855 
0.149498 
0.156018 
0.179236 
0.172812 
0.157354 
0.171477 
0.171241 
0.160233 
0.157654 
0.171932 
0.175425 
0.178277 
0.173270 
0.159330 
0.160154 
0.182531 
0.162984 
0.174456 
0.182176 
0.182431 
0.163604 
0.166757 
0.159161 
0.148753 
0.172593 
0.167281 
0.173255 
0.184591 
0.175439 
0.166216 
0.177718 
0.174591 
0.190163 
0.191478 
0.187139 
0.178364 
0.175470 
0.160631 
0.171679 
0.163280 
0.161004 
0.156018 
0.162217 
0.165834 
0.160281 
0.166196 
0.162163 
0.163619 
0.166673 
0.172734 
0.170699 
0.163702 
0.159944 
0.188649 
0.153078 
0.162513 
0.184092 
0.182188 
0.186469 
0.176576 
0.194906 
0.168178 
0.162694 
0.170622 
0.171388 
0.177615 
0.171840 
0.167000 
0.159119 
0.174340 
0.183042 
0.165727 
0.150305 
0.161829 
0.178069 
0.195744 
0.165861 
0.162764 
0.167121 
0.171053 
0.172322 
0.172396 
0.161542 
0.159607 
0.152719 
0.166318 
0.156016 
0.160207 
0.169771 
0.169665 
0.180381 
0.177272 
0.171986 
0.154430 
0.180775 
0.176313 
0.177109 
0.157643 
0.169810 
0.176080 
0.182228 
0.179387 
0.181409 
0.173148 
0.174906 
0.179966 
0.178253 
0.166338 
0.188326 
0.183843 
0.175928 
0.158659 
0.164721 
0.159289 
0.167416 
0.162959 
0.164399 
0.190333 
0.191521 
0.181436 
0.181219 
0.165975 
0.163914 
0.166473 
0.161024 
0.167629 
0.177163 
0.172173 
0.169850 
0.170108 
0.161017 
0.164615 
0.177706 
0.167429 
0.177288 
0.163452 
0.157852 
0.144782 
0.155577 
0.174767 
0.169568 
0.172629 
0.183502 
0.180593 
0.174567 
0.163980 
0.158498 
0.160215 
0.180095 
0.173690 
0.173902 
0.178627 
0.177863 
0.162827 
0.173809 
0.155519 
0.173866 
0.157175 
0.164822 
0.148905 
0.163746 
0.151862 
0.149450 
0.159306 
0.173209 
0.163742 
0.155130 
0.159035 
0.156513 
0.161279 
0.166071 
0.160504 
0.165722 
0.171317 
0.156801 
0.177732 
0.165832 
0.169840 
0.156871 
0.163140 
0.146320 
0.155895 
0.151473 
0.161420 
0.150814 
0.168209 
0.168866 
0.163363 
0.150323 
0.142684 
0.158101 
0.168174 
0.155526 
0.149360 
0.171543 
0.175250 
0.162073 
0.162801 
0.163220 
0.165309 
0.179318 
0.185950 
0.177099 
0.180947 
0.164948 
0.164473 
0.176717 
0.175207 
0.169822 
0.157126 
0.167517 
0.161373 
0.160824 
0.170624 
0.177143 
0.168393 
0.156284 
0.155658 
0.175466 
0.181749 
0.181229 
0.163564 
0.152966 
0.157655 
0.165080 
0.171409 
0.155553 
0.168305 
0.170135 
0.154043 
0.193471 
0.190060 
0.182305 
0.175487 
0.191979 
0.182494 
0.162433 
0.162961 
0.169394 
0.158802 
0.181864 
0.170042 
0.167562 
0.168567 
0.183579 
0.161992 
0.155097 
0.168054 
0.171141 
0.180378 
0.161996 
0.164540 
0.155190 
0.161576 
0.160236 
0.156670 
0.157872 
0.182416 
0.161587 
0.167788 
0.178013 
0.172409 
0.165521 
0.157826 
0.160997 
0.167130 
0.164303 
0.176712 
0.168951 
0.167446 
0.176431 
0.164252 
0.165463 
0.166179 
0.161225 
0.155974 
0.162476 
0.156321 
0.147704 
0.143984 
0.161110 
0.162220 
0.157190 
0.171170 
0.159351 
0.168376 
0.168640 
0.158957 
0.173873 
0.169670 
0.172507 
0.169575 
0.162090 
0.162186 
0.166182 
0.166992 
0.162000 
0.160226 
0.160348 
0.163365 
0.172328 
0.176045 
0.174972 
0.165522 
0.164360 
0.169604 
0.168524 
0.173888 
0.167024 
0.144392 
0.154611 
0.155364 
0.150610 
0.159629 
0.166816 
0.147451 
0.152929 
0.163059 
0.158857 
0.174839 
0.165704 
0.173003 
0.168837 
0.164026 
0.175208 
0.169063 
0.155223 
0.153446 
0.161422 
0.150825 
0.161156 
0.159487 
0.140576 
0.146101 
0.148900 
0.157628 
0.170645 
0.166066 
0.159801 
0.171894 
0.153401 
0.158130 
0.159918 
0.169296 
0.171331 
0.171633 
0.161018 
0.169351 
0.185068 
0.160190 
0.165121 
0.160754 
0.176778 
0.178454 
0.166330 
0.178693 
0.183205 
0.171029 
0.178401 
0.176161 
0.160616 
0.156949 
0.164766 
0.175924 
0.168338 
0.167157 
0.156975 
0.150423 
0.147107 
0.153784 
0.162595 
0.149166 
0.154726 
0.148446 
0.153743 
0.170593 
0.165875 
0.175051 
0.180450 
0.167485 
0.154029 
0.161942 
0.171793 
0.170316 
0.168578 
0.151281 
0.157541 
0.155804 
0.161636 
0.178980 
0.177543 
0.148943 
0.146427 
0.138284 
0.153061 
0.141383 
0.159717 
0.162928 
0.171078 
0.174253 
0.162612 
0.156278 
0.159062 
0.166701 
0.160781 
0.160127 
0.158724 
0.162162 
0.168655 
0.168166 
0.169845 
0.158811 
0.156781 
0.155124 
0.165829 
0.163355 
0.166035 
0.157915 
0.156083 
0.178248 
0.170885 
0.157319 
0.153259 
0.154767 
0.149344 
0.155809 
0.157082 
0.163517 
0.161665 
0.163175 
0.170748 
0.175135 
0.172146 
0.167622 
0.164979 
0.153525 
0.150906 
0.156491 
0.146865 
0.152215 
0.151375 
0.139348 
0.146788 
0.159307 
0.174645 
0.175536 
0.163964 
0.151420 
0.174834 
0.174789 
0.153852 
0.149761 
0.147247 
0.153531 
0.156725 
0.150790 
0.152759 
0.159276 
0.156313 
0.159628 
0.157329 
0.150670 
0.179257 
0.162813 
0.156180 
0.159344 
0.161961 
0.165111 
0.161035 
0.158438 
0.164501 
0.154940 
0.152085 
0.170916 
0.148483 
0.159580 
0.160147 
0.174124 
0.167988 
0.148757 
0.163585 
0.157825 
0.155003 
0.163393 
0.170389 
0.162919 
0.160936 
0.177377 
0.171565 
0.178095 
0.169481 
0.165856 
0.168447 
0.162195 
0.158825 
0.174090 
0.167270 
0.158244 
0.146443 
0.172935 
0.164346 
0.163517 
0.164722 
0.173326 
0.166773 
0.175119 
0.165077 
0.168909 
0.153719 
0.154152 
0.158278 
0.157542 
0.176203 
0.168899 
0.155009 
0.173842 
0.170189 
0.180993 
0.177780 
0.160230 
0.163670 
0.157521 
0.167562 
0.164316 
0.166642 
0.171723 
0.172777 
0.161141 
0.169598 
0.151457 
0.170083 
0.152135 
0.146448 
0.159205 
0.164705 
0.149017 
0.162343 
0.163102 
0.153069 
0.147874 
0.160029 
0.167075 
0.180072 
0.168784 
0.150416 
0.168429 
0.171236 
0.161662 
0.156133 
0.164358 
0.181706 
0.167713 
0.175158 
0.165084 
0.164679 
0.187735 
0.163947 
0.172290 
0.153829 
0.182086 
0.190315 
0.201544 
0.191819 
0.175594 
0.176885 
0.172460 
0.162393 
0.176308 
0.164037 
0.177110 
0.167347 
0.157772 
0.158025 
0.160137 
0.176884 
0.174200 
0.172596 
0.164590 
0.161043 
0.159146 
0.154647 
0.142292 
0.151602 
0.150776 
0.160894 
0.139921 
0.145866 
0.158918 
0.145839 
0.157458 
0.184724 
0.170284 
0.159627 
0.163959 
0.185933 
0.165534 
0.154043 
0.151664 
0.162772 
0.174942 
0.189429 
0.177994 
0.155786 
0.164319 
0.161179 
0.155919 
0.151154 
0.160780 
0.165819 
0.152790 
0.153663 
0.177110 
0.154861 
0.155258 
0.160699 
0.174154 
0.173400 
0.183859 
0.172841 
0.174633 
0.175871 
0.186917 
0.174286 
0.163084 
0.157001 
0.150714 
0.161695 
0.157728 
0.154522 
0.156501 
0.159963 
0.162481 
0.160661 
0.158087 
0.151658 
0.157287 
0.156620 
0.149280 
0.144856 
0.148768 
0.156476 
0.158977 
0.143382 
0.154867 
0.154396 
0.171691 
0.149217 
0.162766 
0.155799 
0.163884 
0.156237 
0.180739 
0.169259 
0.159791 
0.160313 
0.138792 
0.152862 
0.147963 
0.147119 
0.162540 
0.170542 
0.161441 
0.180816 
0.179547 
0.167852 
0.175471 
0.161478 
0.150098 
0.158099 
0.177136 
0.173030 
0.160950 
0.151483 
0.166671 
0.166066 
0.154285 
0.168522 
0.157029 
0.158633 
0.171809 
0.178100 
0.145191 
0.142901 
0.151027 
0.152271 
0.155687 
0.163627 
0.160061 
0.155110 
0.158190 
0.163343 
0.176273 
0.168846 
0.172397 
0.152630 
0.151806 
0.176782 
0.156593 
0.147916 
0.165685 
0.156619 
0.149436 
0.151894 
0.164566 
0.160196 
0.172935 
0.181233 
0.180818 
0.161851 
0.160040 
0.171217 
0.174682 
0.189695 
0.187783 
0.167957 
0.158141 
0.158273 
0.155663 
0.176250 
0.159573 
0.151582 
0.149761 
0.157307 
0.153486 
0.167890 
0.161138 
0.147975 
0.151198 
0.157601 
0.159213 
0.156509 
0.158352 
0.164295 
0.178750 
0.176545 
0.162377 
0.164199 
0.152690 
0.148256 
0.151621 
0.154690 
0.161958 
0.181640 
0.175774 
0.166907 
0.171918 
0.177075 
0.179908 
0.165426 
0.161709 
0.169872 
0.169178 
0.141678 
0.165201 
0.187559 
0.178779 
0.171064 
0.173887 
0.154659 
0.178465 
0.168594 
0.159477 
0.183444 
0.181057 
0.163646 
0.172015 
0.173839 
0.155683 
0.211036 
0.189886 
0.163075 
0.171501 
0.168037 
0.178978 
0.191358 
0.171357 
0.165083 
0.172110 
0.155416 
0.160844 
0.171324 
0.167310 
0.164302 
0.185989 
0.160466 
0.170293 
0.167876 
0.174229 
0.164238 
0.150713 
0.151309 
0.164234 
0.149506 
0.143683 
0.157930 
0.142215 
0.161144 
0.167991 
0.163516 
0.151885 
0.156066 
0.183276 
0.167279 
0.156404 
0.172042 
0.158871 
0.156993 
0.141604 
0.149202 
0.143396 
0.150730 
0.163360 
0.171568 
0.157090 
0.153420 
0.150357 
0.157945 
0.157703 
0.155564 
0.154779 
0.166706 
0.160695 
0.168606 
0.174671 
0.175944 
0.155843 
0.149023 
0.159559 
0.159900 
0.166153 
0.161672 
0.153670 
0.149139 
0.153469 
0.180835 
0.170416 
0.157046 
0.149274 
0.174485 
0.172953 
0.184489 
0.188405 
0.175290 
0.170575 
0.170476 
0.154343 
0.145635 
0.154779 
0.144834 
0.150017 
0.150914 
0.159446 
0.148326 
0.141045 
0.175239 
0.157041 
0.156587 
0.168114 
0.161118 
0.160935 
0.151277 
0.162093 
0.162342 
0.185690 
0.177546 
0.160539 
0.149981 
0.144825 
0.162447 
0.158785 
0.167064 
0.154660 
0.160314 
0.159997 
0.178442 
0.172310 
0.180250 
0.151369 
0.160627 
0.147796 
0.152966 
0.171885 
0.157622 
0.145738 
0.175588 
0.151150 
0.163990 
0.166551 
0.182656 
0.165185 
0.162648 
0.149770 
0.158460 
0.157179 
0.160693 
0.182408 
0.175713 
0.179727 
0.175528 
0.174814 
0.165299 
0.162150 
0.171585 
0.182169 
0.181092 
0.170799 
0.156415 
0.156653 
0.156077 
0.151686 
0.171080 
0.168746 
0.163417 
0.164945 
0.159822 
0.153542 
0.168978 
0.140705 
0.177036 
0.170275 
0.184530 
0.175249 
0.163340 
0.157623 
0.158773 
0.147782 
0.171507 
0.167636 
0.152292 
0.159732 
0.162924 
0.158526 
0.164552 
0.161258 
0.176914 
0.155529 
0.149153 
0.145321 
0.150599 
0.149772 
0.145088 
0.164827 
0.165108 
0.150743 
0.150800 
0.154110 
0.168296 
0.151868 
0.175594 
0.156609 
0.179970 
0.178518 
0.163671 
0.156514 
0.143111 
0.163636 
0.153097 
0.169893 
0.162847 
0.181564 
0.183421 
0.174826 
0.166169 
0.158416 
0.156669 
0.149595 
0.168598 
0.169210 
0.171847 
0.160194 
0.164445 
0.146475 
0.155777 
0.142852 
0.167510 
0.165146 
0.151150 
0.163107 
0.172629 
0.157350 
0.171699 
0.172899 
0.181933 
0.180229 
0.163990 
0.172603 
0.162675 
0.150963 
0.164590 
0.147799 
0.169412 
0.166943 
0.159822 
0.162814 
0.163205 
0.163148 
0.149795 
0.164267 
0.170347 
0.165306 
0.151478 
0.159620 
0.168874 
0.161268 
0.147604 
0.145179 
0.145794 
0.146879 
0.165662 
0.167257 
0.164441 
0.176613 
0.159294 
0.177230 
0.158131 
0.163663 
0.159957 
0.159293 
0.161508 
0.188184 
0.158729 
0.166509 
0.161110 
0.159862 
0.154448 
0.173040 
0.174141 
0.174796 
0.165154 
0.184572 
0.163142 
0.156020 
0.161809 
0.197884 
0.208101 
0.190715 
0.169180 
0.169421 
0.164153 
0.165209 
0.168915 
0.161173 
0.162825 
0.164074 
0.156986 
0.153302 
0.168706 
0.157970 
0.142510 
0.154328 
0.146712 
0.156599 
0.163866 
0.155899 
0.155913 
0.157276 
0.173941 
0.151692 
0.156152 
0.157755 
0.161986 
0.171993 
0.157536 
0.162416 
0.164033 
0.145319 
0.153619 
0.162223 
0.158967 
0.157301 
0.169395 
0.169072 
0.150716 
0.144359 
0.145901 
0.147503 
0.143324 
0.150539 
0.152479 
0.157493 
0.140574 
0.145413 
0.138933 
0.135076 
0.140157 
0.152090 
0.178619 
0.158454 
0.160284 
0.146259 
0.149490 
0.142684 
0.149289 
0.166942 
0.167314 
0.148407 
0.140129 
0.153203 
0.159309 
0.160218 
0.155513 
0.154457 
0.160336 
0.150117 
0.138815 
0.147356 
0.142303 
0.153990 
0.169365 
0.161664 
0.160778 
0.166600 
0.155792 
0.155083 
0.154818 
0.157925 
0.171530 
0.171147 
0.161928 
0.181199 
0.168759 
0.161401 
0.153028 
0.161419 
0.159486 
0.159945 
0.152004 
0.158123 
0.167651 
0.161892 
0.162694 
0.158394 
0.155742 
0.153044 
0.155482 
0.150156 
0.162807 
0.171219 
0.166668 
0.161512 
0.158734 
0.162477 
0.162995 
0.143403 
0.148156 
0.152499 
0.160700 
0.164070 
0.150690 
0.146600 
0.150223 
0.148607 
0.165008 
0.155826 
0.149848 
0.167658 
0.157819 
0.148906 
0.158933 
0.156028 
0.160066 
0.169746 
0.145502 
0.168461 
0.151252 
0.149401 
0.151566 
0.146809 
0.141461 
0.165476 
0.147629 
0.157825 
0.166481 
0.151388 
0.146054 
0.142819 
0.139422 
0.155997 
0.159680 
0.168206 
0.177549 
0.162099 
0.162645 
0.160181 
0.167089 
0.170079 
0.173469 
0.176497 
0.157950 
0.154893 
0.169516 
0.147550 
0.143648 
0.149200 
0.153448 
0.153537 
0.140494 
0.147233 
0.157227 
0.161827 
0.140973 
0.144093 
0.144007 
0.159677 
0.148179 
0.137959 
0.143013 
0.150040 
0.135352 
0.149471 
0.173253 
0.158213 
0.158414 
0.151960 
0.155879 
0.151363 
0.154912 
0.142868 
0.136083 
0.133949 
0.141213 
0.141236 
0.135658 
0.151004 
0.151326 
0.137020 
0.145415 
0.131196 
0.149736 
0.137131 
0.159436 
0.156310 
0.167163 
0.162700 
0.151849 
0.154738 
0.163053 
0.141112 
0.154435 
0.179963 
0.163990 
0.162984 
0.161276 
0.169076 
0.159959 
0.149212 
0.160971 
0.165860 
0.153941 
0.165971 
0.185911 
0.177138 
0.159938 
0.162914 
0.143266 
0.157135 
0.153594 
0.166268 
0.181374 
0.158940 
0.185769 
0.169937 
0.157565 
0.175973 
0.198169 
0.190549 
0.160643 
0.184568 
0.177740 
0.182843 
0.165698 
0.165195 
0.161545 
0.169060 
0.182043 
0.180206 
0.174293 
0.164847 
0.149749 
0.153119 
0.147774 
0.157396 
0.156759 
0.155519 
0.163775 
0.166010 
0.165411 
0.157426 
0.159153 
0.158018 
0.159126 
0.147983 
0.165702 
0.165467 
0.158076 
0.173530 
0.159320 
0.178665 
0.169606 
0.162245 
0.167859 
0.143359 
0.148799 
0.151094 
0.152211 
0.164100 
0.154410 
0.157797 
0.162337 
0.172271 
0.162862 
0.154862 
0.136330 
0.153811 
0.158155 
0.139771 
0.150144 
0.155100 
0.143037 
0.137567 
0.160124 
0.153804 
0.152688 
0.144522 
0.144036 
0.154900 
0.147384 
0.138634 
0.125013 
0.147185 
0.147208 
0.146011 
0.158883 
0.153909 
0.137143 
0.154965 
0.148085 
0.148904 
0.167188 
0.154174 
0.140693 
0.134550 
0.149164 
0.142221 
0.161649 
0.170577 
0.152354 
0.144861 
0.150097 
0.156055 
0.153972 
0.155235 
0.159236 
0.150427 
0.153724 
0.168181 
0.153299 
0.145058 
0.149881 
0.152444 
0.158339 
0.180062 
0.173161 
0.161298 
0.150795 
0.142679 
0.165151 
0.153996 
0.139173 
0.144846 
0.175417 
0.171845 
0.162893 
0.152544 
0.157189 
0.170506 
0.176456 
0.170531 
0.168698 
0.186064 
0.156195 
0.146392 
0.155852 
0.161855 
0.152336 
0.161421 
0.145222 
0.152204 
0.156143 
0.152836 
0.151758 
0.163066 
0.153732 
0.151812 
0.158949 
0.158566 
0.147719 
0.151085 
0.175844 
0.151667 
0.158550 
0.159651 
0.146434 
0.149037 
0.134945 
0.157862 
0.187060 
0.170055 
0.147912 
0.161306 
0.152602 
0.149596 
0.153512 
0.137765 
0.134072 
0.150830 
0.158790 
0.158491 
0.164117 
0.171583 
0.172324 
0.183738 
0.172587 
0.176191 
0.164253 
0.159818 
0.155966 
0.164182 
0.161206 
0.156702 
0.145300 
0.154939 
0.148338 
0.171377 
0.152968 
0.148443 
0.144388 
0.148804 
0.146483 
0.146726 
0.170054 
0.162289 
0.167669 
0.165501 
0.178126 
0.173325 
0.165391 
0.154454 
0.150460 
0.149458 
0.144251 
0.139043 
0.143570 
0.149551 
0.140769 
0.147140 
0.149400 
0.136333 
0.145609 
0.154994 
0.144337 
0.150158 
0.142041 
0.151291 
0.150123 
0.145844 
0.139127 
0.149730 
0.155577 
0.146300 
0.136508 
0.143602 
0.147923 
0.156906 
0.158131 
0.156633 
0.152082 
0.154442 
0.148484 
0.145610 
0.168592 
0.150446 
0.149117 
0.165041 
0.148496 
0.135166 
0.155078 
0.145763 
0.164720 
0.160339 
0.151219 
0.147181 
0.135274 
0.155174 
0.157327 
0.156101 
0.157268 
0.149358 
0.145629 
0.141856 
0.146377 
0.156156 
0.131273 
0.144044 
0.149899 
0.137614 
0.139724 
0.152045 
0.158271 
0.155276 
0.147503 
0.149113 
0.172331 
0.160264 
0.161813 
0.158523 
0.153044 
0.146458 
0.157365 
0.164748 
0.161708 
0.143484 
0.169785 
0.150494 
0.161728 
0.164103 
0.160519 
0.161555 
0.159821 
0.154415 
0.169928 
0.171293 
0.150145 
0.172391 
0.166177 
0.150907 
0.163571 
0.170347 
0.149748 
0.145654 
0.138794 
0.161177 
0.156036 
0.139104 
0.145268 
0.153635 
0.175871 
0.156927 
0.140438 
0.152932 
0.156362 
0.165260 
0.144191 
0.140253 
0.158574 
0.166867 
0.160941 
0.146881 
0.146377 
0.169991 
0.177008 
0.157110 
0.169690 
0.179241 
0.166176 
0.149447 
0.147052 
0.148561 
0.150548 
0.143037 
0.145772 
0.136301 
0.142458 
0.133785 
0.154398 
0.144920 
0.151502 
0.148763 
0.144267 
0.166389 
0.155546 
0.165428 
0.162359 
0.168861 
0.156666 
0.150526 
0.137852 
0.149240 
0.155031 
0.157400 
0.135679 
0.146078 
0.145779 
0.141803 
0.145655 
0.141955 
0.140718 
0.126311 
0.125975 
0.138691 
0.154673 
0.140174 
0.143340 
0.151917 
0.143310 
0.138721 
0.150509 
0.138998 
0.132165 
0.149221 
0.148880 
0.143287 
0.142292 
0.152980 
0.153702 
0.166528 
0.137434 
0.153875 
0.141952 
0.153453 
0.138839 
0.141517 
0.134170 
0.139742 
0.136931 
0.129866 
0.138675 
0.129520 
0.122498 
0.129623 
0.158082 
0.148736 
0.146687 
0.142610 
0.154497 
0.159337 
0.153156 
0.137736 
0.152421 
0.152953 
0.152139 
0.155499 
0.155387 
0.153843 
0.148637 
0.132883 
0.140719 
0.141420 
0.136935 
0.144548 
0.153296 
0.157046 
0.145289 
0.148260 
0.150345 
0.156935 
0.153678 
0.163695 
0.156891 
0.166271 
0.159045 
0.161526 
0.153045 
0.163409 
0.167592 
0.168339 
0.142297 
0.147650 
0.178068 
0.161820 
0.149361 
0.159895 
0.161392 
0.162086 
0.161621 
0.163460 
0.160351 
0.138902 
0.152219 
0.160962 
0.152736 
0.166682 
0.171239 
0.174662 
0.165508 
0.150246 
0.151248 
0.136901 
0.153088 
0.138060 
0.140303 
0.140735 
0.154449 
0.160522 
0.150943 
0.155947 
0.158469 
0.156701 
0.160007 
0.151636 
0.148161 
0.151849 
0.141335 
0.143194 
0.141734 
0.143538 
0.153958 
0.137679 
0.150102 
0.143793 
0.150037 
0.170789 
0.163090 
0.160094 
0.156502 
0.155200 
0.150709 
0.145963 
0.137293 
0.143899 
0.146397 
0.137062 
0.144882 
0.145900 
0.151109 
0.145774 
0.137377 
0.163405 
0.140124 
0.146207 
0.139935 
0.134812 
0.163375 
0.184659 
0.158525 
0.148361 
0.138553 
0.154740 
0.143215 
0.130047 
0.149438 
0.143691 
0.155731 
0.159634 
0.154602 
0.162826 
0.144407 
0.146029 
0.150109 
0.146235 
0.155704 
0.150885 
0.156042 
0.173281 
0.162629 
0.147123 
0.147085 
0.151928 
0.143215 
0.160401 
0.156792 
0.155684 
0.154914 
0.151860 
0.133074 
0.154899 
0.140626 
0.133995 
0.143549 
0.157228 
0.165909 
0.173069 
0.155436 
0.160733 
0.147251 
0.151245 
0.134841 
0.138108 
0.142528 
0.153064 
0.150327 
0.151335 
0.151995 
0.140352 
0.145448 
0.153195 
0.162404 
0.149671 
0.146100 
0.152795 
0.185632 
0.182863 
0.180893 
0.191589 
0.172673 
0.173199 
0.181509 
0.149156 
0.156233 
0.176026 
0.164390 
0.149947 
0.150844 
0.163414 
0.160337 
0.175597 
0.160473 
0.144333 
0.143583 
0.151081 
0.140744 
0.147400 
0.157259 
0.150762 
0.141713 
0.155339 
0.150130 
0.153636 
0.138267 
0.144105 
0.145604 
0.157065 
0.148682 
0.148841 
0.139510 
0.138321 
0.140066 
0.155545 
0.152117 
0.140737 
0.156300 
0.138434 
0.143114 
0.133006 
0.137274 
0.136972 
0.133133 
0.141471 
0.157416 
0.154213 
0.160109 
0.164766 
0.145452 
0.156021 
0.168375 
0.148608 
0.145047 
0.149369 
0.143616 
0.156958 
0.144468 
0.145848 
0.152827 
0.163622 
0.154134 
0.173068 
0.152031 
0.132991 
0.132804 
0.141484 
0.132971 
0.124242 
0.135954 
0.159267 
0.161553 
0.148213 
0.144698 
0.141376 
0.157764 
0.143294 
0.138728 
0.145005 
0.150950 
0.142755 
0.156403 
0.144634 
0.150744 
0.164717 
0.151975 
0.150378 
0.152334 
0.155411 
0.160769 
0.179829 
0.164539 
0.166799 
0.158467 
0.164882 
0.148530 
0.153058 
0.158340 
0.155924 
0.150971 
0.156029 
0.156672 
0.153323 
0.145865 
0.137937 
0.143670 
0.162294 
0.161376 
0.150766 
0.163066 
0.165622 
0.152257 
0.142799 
0.139448 
0.146305 
0.151879 
0.153256 
0.151167 
0.158840 
0.166555 
0.164246 
0.151578 
0.161088 
0.157659 
0.145095 
0.149289 
0.130017 
0.145404 
0.146072 
0.154961 
0.140007 
0.134535 
0.147469 
0.143663 
0.142499 
0.158767 
0.143252 
0.142349 
0.162127 
0.166559 
0.157363 
0.149968 
0.155947 
0.149653 
0.154775 
0.146629 
0.151991 
0.166638 
0.165850 
0.150568 
0.177100 
0.146985 
0.148689 
0.148321 
0.149139 
0.135917 
0.156717 
0.152879 
0.147459 
0.149213 
0.132850 
0.134119 
0.143482 
0.140841 
0.139352 
0.139765 
0.139286 
0.146529 
0.136176 
0.122701 
0.144256 
0.148912 
0.132800 
0.140889 
0.148806 
0.181370 
0.171524 
0.164195 
0.172237 
0.183934 
0.178282 
0.175344 
0.173669 
0.173536 
0.164265 
0.158993 
0.168846 
0.141587 
0.138398 
0.149804 
0.143618 
0.142039 
0.163491 
0.143341 
0.141067 
0.154790 
0.142358 
0.151334 
0.141964 
0.143391 
0.148728 
0.149808 
0.147472 
0.143554 
0.131784 
0.145598 
0.141784 
0.151737 
0.132648 
0.128865 
0.127070 
0.134551 
0.150417 
0.152309 
0.153536 
0.148720 
0.135240 
0.132751 
0.124534 
0.127136 
0.112291 
0.129760 
0.146267 
0.141193 
0.139866 
0.137564 
0.146928 
0.154470 
0.158985 
0.170018 
0.168118 
0.142018 
0.154502 
0.143403 
0.173298 
0.149553 
0.177382 
0.167640 
0.159623 
0.152021 
0.156679 
0.149702 
0.157288 
0.150752 
0.154676 
0.151406 
0.178368 
0.168719 
0.149819 
0.138571 
0.138400 
0.130403 
0.149259 
0.150636 
0.146521 
0.135703 
0.135201 
0.146312 
0.171187 
0.162085 
0.155728 
0.163665 
0.162579 
0.153374 
0.142838 
0.147274 
0.150042 
0.167290 
0.152250 
0.163819 
0.163489 
0.162060 
0.170791 
0.150735 
0.134800 
0.147192 
0.154192 
0.154123 
0.158994 
0.147230 
0.133517 
0.129667 
0.143746 
0.145506 
0.162031 
0.167110 
0.162840 
0.153768 
0.175280 
0.158174 
0.153705 
0.148074 
0.156403 
0.146786 
0.152014 
0.144281 
0.136003 
0.149067 
0.145800 
0.149373 
0.157493 
0.140838 
0.160940 
0.167965 
0.163095 
0.144554 
0.140612 
0.147568 
0.146546 
0.132470 
0.137387 
0.135468 
0.135504 
0.123920 
0.133051 
0.151371 
0.164363 
0.167834 
0.146493 
0.144177 
0.154258 
0.157433 
0.156150 
0.148873 
0.176279 
0.149604 
0.153465 
0.165195 
0.153817 
0.166067 
0.176577 
0.152043 
0.143681 
0.142020 
0.143426 
0.155608 
0.145919 
0.132127 
0.152639 
0.166011 
0.158012 
0.157567 
0.151244 
0.150298 
0.155926 
0.191843 
0.191254 
0.159241 
0.153754 
0.150803 
0.164792 
0.157151 
0.147311 
0.147005 
0.152807 
0.152017 
0.158353 
0.148551 
0.146429 
0.146395 
0.143553 
0.160420 
0.159534 
0.151739 
0.152882 
0.192353 
0.175169 
0.197635 
0.170257 
0.161329 
0.142284 
0.148346 
0.142641 
0.155166 
0.157840 
0.146635 
0.168113 
0.154906 
0.156140 
0.150409 
0.150329 
0.160649 
0.156532 
0.158168 
0.139768 
0.139370 
0.151948 
0.166172 
0.156366 
0.147402 
0.153310 
0.146727 
0.167360 
0.168489 
0.155083 
0.171824 
0.158475 
0.171213 
0.156764 
0.150344 
0.169018 
0.176687 
0.163945 
0.167923 
0.178345 
0.165008 
0.172834 
0.151369 
0.150989 
0.134608 
0.157153 
0.149006 
0.165315 
0.155601 
0.149389 
0.133289 
0.130302 
0.182049 
0.165236 
0.156794 
0.155993 
0.143564 
0.152896 
0.147771 
0.150863 
0.160032 
0.144616 
0.161387 
0.162129 
0.157485 
0.159159 
0.149002 
0.157646 
0.151200 
0.181635 
0.161452 
0.160453 
0.168042 
0.167373 
0.162845 
0.145669 
0.163488 
0.174583 
0.174064 
0.168391 
0.170909 
0.169940 
0.168046 
0.175511 
0.140547 
0.139774 
0.161178 
0.175032 
0.140909 
0.136592 
0.151159 
0.160250 
0.149656 
0.149183 
0.149380 
0.183514 
0.199756 
0.184433 
0.170298 
0.148451 
0.142568 
0.147451 
0.170330 
0.169854 
0.175147 
0.160064 
0.167076 
0.152482 
0.151836 
0.164917 
0.165809 
0.155753 
0.160497 
0.166075 
0.158902 
0.161122 
0.173718 
0.174296 
0.158570 
0.164852 
0.162738 
0.168461 
0.147495 
0.171293 
0.152846 
0.161943 
0.151382 
0.189798 
0.196509 
0.185112 
0.178131 
0.177430 
0.174860 
0.173912 
0.169089 
0.186261 
0.163794 
0.149516 
0.151874 
0.160397 
0.172147 
0.165453 
0.158815 
0.175679 
0.163157 
0.165339 
0.157255 
0.164605 
0.159542 
0.145961 
0.138506 
0.151438 
0.170125 
0.157244 
0.163050 
0.141256 
0.151393 
0.148572 
0.156269 
0.157889 
0.145598 
0.163886 
0.159288 
0.151041 
0.142827 
0.164688 
0.148333 
0.146820 
0.172922 
0.185434 
0.174672 
0.162656 
0.153529 
0.164443 
0.181918 
0.185167 
0.154223 
0.151876 
0.157720 
0.168646 
0.144550 
0.149482 
0.156044 
0.148291 
0.150427 
0.157381 
0.147734 
0.160053 
0.148427 
0.140004 
0.155467 
0.132365 
0.145604 
0.147749 
0.153678 
0.143715 
0.156016 
0.158171 
0.164832 
0.156487 
0.165388 
0.156679 
0.155966 
0.150995 
0.145970 
0.151531 
0.161528 
0.165091 
0.160903 
0.159180 
0.181861 
0.172566 
0.172171 
0.160090 
0.181891 
0.184665 
0.159491 
0.158198 
0.164226 
0.161467 
0.148941 
0.150683 
0.162464 
0.156927 
0.171254 
0.184638 
0.175475 
0.165198 
0.158943 
0.162808 
0.163976 
0.155178 
0.169179 
0.163106 
0.165738 
0.166268 
0.141580 
0.155387 
0.162020 
0.165256 
0.167726 
0.178533 
0.181232 
0.155424 
0.133583 
0.144916 
0.140097 
0.130588 
0.163988 
0.144218 
0.168886 
0.165919 
0.159261 
0.159336 
0.162480 
0.156531 
0.171316 
0.159261 
0.149976 
0.143653 
0.170380 
0.151849 
0.144388 
0.146712 
0.195511 
0.184611 
0.169983 
0.164950 
0.166364 
0.154801 
0.146842 
0.145176 
0.151812 
0.159746 
0.155206 
0.169378 
0.171312 
0.161114 
0.149419 
0.154800 
0.148658 
0.151423 
0.155262 
0.157116 
0.160092 
0.151422 
0.138368 
0.139972 
0.155107 
0.142374 
0.147541 
0.151775 
0.173571 
0.157264 
0.150915 
0.139906 
0.135346 
0.141859 
0.150923 
0.137594 
0.146797 
0.147144 
0.142788 
0.158015 
0.166272 
0.165349 
0.146018 
0.153181 
0.149429 
0.147242 
0.150188 
0.157011 
0.165744 
0.153371 
0.147524 
0.152523 
0.163496 
0.150414 
0.153347 
0.147201 
0.150571 
0.143208 
0.144352 
0.161936 
0.155444 
0.153763 
0.157537 
0.165492 
0.151476 
0.150151 
0.139427 
0.142563 
0.142468 
0.134836 
0.153886 
0.171897 
0.148062 
0.158366 
0.153647 
0.149697 
0.141858 
0.145519 
0.143927 
0.142933 
0.147536 
0.152173 
0.169324 
0.155564 
0.162169 
0.157304 
0.152442 
0.147684 
0.141879 
0.133807 
0.144560 
0.144469 
0.147868 
0.155098 
0.167713 
0.161513 
0.173402 
0.164467 
0.164423 
0.168564 
0.165985 
0.165657 
0.160492 
0.159613 
0.161797 
0.157429 
0.178432 
0.177689 
0.188291 
0.184172 
0.172059 
0.160698 
0.149920 
0.147860 
0.162262 
0.168152 
0.149769 
0.166221 
0.158966 
0.179140 
0.173012 
0.163762 
0.185241 
0.169437 
0.177303 
0.188833 
0.175234 
0.141827 
0.155703 
0.160015 
0.166304 
0.159680 
0.166315 
0.155283 
0.165221 
0.143120 
0.158398 
0.157666 
0.166412 
0.153480 
0.152617 
0.178757 
0.186296 
0.187559 
0.158653 
0.155486 
0.162721 
0.168935 
0.159572 
0.165174 
0.141251 
0.150512 
0.139101 
0.164827 
0.161589 
0.164350 
0.168198 
0.170327 
0.172728 
0.152999 
0.167608 
0.151716 
0.147742 
0.143165 
0.138526 
0.146380 
0.146065 
0.162991 
0.192431 
0.158904 
0.163242 
0.151543 
0.158403 
0.156443 
0.147092 
0.152162 
0.145659 
0.158657 
0.182716 
0.165298 
0.148157 
0.166929 
0.156530 
0.152314 
0.171074 
0.187800 
0.174673 
0.170507 
0.156334 
0.157482 
0.154658 
0.158075 
0.173208 
0.186722 
0.177969 
0.161756 
0.170319 
0.168360 
0.163535 
0.153959 
0.172498 
0.164739 
0.166327 
0.182544 
0.180539 
0.185045 
0.172551 
0.169002 
0.159322 
0.173856 
0.157333 
0.175407 
0.192357 
0.173917 
0.164252 
0.170801 
0.166918 
0.150828 
0.149750 
0.204558 
0.158671 
0.152842 
0.158193 
0.148201 
0.158415 
0.159943 
0.130979 
0.157618 
0.145356 
0.142702 
0.156785 
0.164894 
0.164017 
0.172760 
0.152537 
0.132007 
0.141957 
0.142926 
0.141159 
0.139936 
0.149965 
0.143382 
0.141278 
0.162985 
0.152819 
0.141744 
0.144673 
0.147722 
0.151955 
0.132314 
0.138235 
0.152244 
0.149028 
0.145917 
0.148614 
0.128597 
0.137440 
0.140197 
0.142627 
0.133020 
0.135084 
0.140292 
0.129968 
0.127949 
0.134297 
0.142986 
0.155894 
0.150231 
0.142921 
0.142991 
0.168996 
0.178211 
0.194828 
0.166751 
0.165897 
0.166129 
0.165956 
0.189916 
0.164137 
0.156709 
0.177654 
0.182123 
0.144523 
0.136293 
0.159545 
0.140618 
0.154773 
0.141620 
0.143961 
0.158458 
0.152299 
0.152225 
0.156580 
0.163227 
0.163443 
0.152711 
0.145558 
0.159469 
0.156314 
0.156348 
0.152671 
0.145183 
0.158050 
0.165167 
0.165906 
0.167313 
0.159477 
0.177473 
0.174980 
0.168058 
0.147173 
0.139276 
0.129783 
0.140726 
0.121338 
0.126400 
0.141642 
0.134179 
0.135693 
0.161101 
0.187487 
0.180686 
0.155185 
0.153678 
0.145221 
0.131586 
0.137606 
0.132629 
0.120269 
0.136457 
0.153802 
0.145603 
0.150012 
0.133309 
0.162181 
0.162006 
0.140609 
0.155763 
0.191425 
0.189527 
0.174722 
0.165894 
0.167406 
0.172394 
0.147926 
0.173981 
0.152080 
0.154081 
0.164044 
0.158859 
0.142379 
0.144057 
0.160193 
0.158743 
0.158874 
0.161322 
0.171469 
0.173705 
0.148647 
0.136445 
0.135184 
0.162678 
0.156657 
0.144130 
0.154567 
0.137040 
0.139986 
0.145312 
0.127353 
0.139520 
0.132032 
0.134632 
0.142875 
0.141249 
0.125167 
0.136198 
0.129208 
0.126502 
0.127359 
0.141836 
0.127989 
0.138952 
0.157876 
0.146956 
0.148621 
0.149357 
0.136438 
0.125952 
0.134440 
0.149364 
0.144952 
0.146194 
0.129148 
0.127511 
0.138623 
0.142664 
0.147893 
0.136949 
0.138535 
0.127042 
0.122207 
0.129940 
0.132818 
0.136459 
0.134907 
0.140168 
0.147188 
0.144455 
0.143405 
0.131032 
0.136091 
0.134194 
0.126454 
0.134594 
0.134145 
0.134793 
0.130831 
0.135480 
0.139977 
0.131193 
0.137082 
0.134294 
0.134386 
0.148457 
0.138704 
0.126883 
0.128800 
0.130054 
0.132999 
0.139531 
0.137409 
0.150404 
0.140461 
0.140242 
0.144089 
0.128695 
0.139175 
0.132372 
0.134216 
0.143903 
0.125005 
0.125241 
0.147725 
0.154073 
0.139020 
0.139354 
0.138187 
0.138611 
0.153584 
0.156572 
0.156020 
0.152198 
0.142021 
0.143390 
0.133213 
0.145055 
0.140556 
0.133722 
0.131601 
0.138981 
0.138919 
0.133865 
0.135393 
0.131794 
0.136904 
0.138467 
0.134271 
0.138016 
0.129818 
0.130893 
0.121173 
0.130510 
0.126615 
0.146567 
0.139223 
0.129360 
0.132859 
0.128021 
0.138674 
0.131469 
0.132431 
0.131070 
0.151027 
0.148013 
0.141414 
0.155296 
0.140304 
0.157220 
0.170674 
0.161338 
0.155672 
0.150110 
0.141112 
0.150818 
0.156338 
0.138720 
0.144970 
0.142096 
0.145466 
0.145718 
0.143745 
0.151466 
0.150171 
0.143529 
0.146894 
0.148237 
0.155320 
0.164509 
0.161262 
0.154934 
0.152087 
0.143139 
0.134255 
0.144289 
0.142810 
0.156659 
0.167425 
0.164139 
0.157391 
0.159329 
0.147659 
0.140974 
0.125598 
0.140918 
0.142385 
0.149019 
0.149504 
0.130033 
0.149970 
0.137415 
0.131742 
0.142520 
0.137542 
0.149560 
0.154012 
0.140950 
0.135193 
0.148190 
0.150886 
0.135014 
0.140374 
0.149847 
0.151784 
0.135029 
0.146876 
0.140832 
0.146361 
0.144068 
0.140872 
0.125122 
0.128940 
0.132997 
0.136539 
0.131319 
0.128474 
0.124502 
0.132693 
0.120640 
0.130451 
0.129862 
0.141950 
0.139716 
0.138185 
0.144958 
0.151145 
0.137312 
0.147731 
0.134759 
0.145285 
0.129491 
0.143713 
0.134176 
0.150496 
0.152231 
0.136483 
0.122754 
0.135521 
0.142267 
0.143079 
0.152826 
0.145353 
0.132444 
0.130943 
0.125921 
0.119402 
0.138069 
0.128232 
0.127355 
0.142549 
0.145301 
0.140832 
0.152403 
0.157831 
0.161828 
0.138876 
0.139466 
0.150626 
0.148265 
0.133381 
0.159264 
0.149184 
0.138890 
0.139054 
0.138311 
0.159229 
0.140540 
0.157705 
0.151150 
0.154790 
0.138966 
0.155664 
0.149529 
0.141430 
0.171012 
0.172872 
0.150668 
0.141196 
0.131298 
0.135031 
0.173369 
0.181041 
0.150128 
0.153127 
0.141889 
0.137264 
0.134690 
0.144425 
0.147717 
0.138886 
0.137779 
0.136002 
0.146931 
0.139941 
0.141489 
0.165535 
0.152650 
0.157783 
0.157717 
0.164672 
0.159793 
0.142586 
0.154214 
0.153561 
0.141978 
0.135176 
0.149158 
0.145180 
0.153587 
0.154457 
0.156419 
0.154588 
0.143564 
0.178361 
0.158206 
0.148320 
0.142470 
0.162196 
0.140574 
0.139480 
0.133222 
0.149261 
0.126168 
0.132604 
0.157284 
0.140957 
0.147576 
0.146291 
0.136931 
0.155345 
0.178530 
0.161639 
0.161793 
0.149779 
0.134739 
0.164803 
0.148516 
0.138869 
0.135405 
0.132617 
0.146927 
0.132792 
0.146887 
0.143062 
0.137528 
0.133339 
0.145147 
0.139000 
0.142796 
0.155856 
0.148772 
0.126371 
0.130147 
0.139208 
0.154230 
0.148107 
0.160615 
0.156125 
0.144082 
0.154107 
0.139734 
0.151903 
0.151605 
0.149397 
0.135013 
0.153723 
0.151602 
0.143617 
0.163743 
0.156332 
0.147781 
0.172993 
0.172927 
0.152972 
0.144356 
0.148771 
0.176726 
0.175250 
0.146661 
0.159368 
0.149064 
0.155651 
0.169578 
0.156553 
0.163374 
0.157351 
0.167692 
0.141240 
0.151333 
0.176035 
0.164452 
0.147516 
0.138713 
0.162739 
0.173523 
0.145509 
0.143455 
0.150081 
0.142423 
0.148473 
0.133738 
0.135297 
0.155175 
0.150155 
0.139480 
0.144370 
0.143955 
0.135112 
0.132561 
0.137462 
0.139007 
0.145180 
0.151079 
0.157009 
0.157602 
0.151090 
0.133552 
0.175879 
0.172842 
0.170474 
0.158666 
0.149666 
0.140016 
0.139985 
0.133210 
0.134988 
0.117764 
0.145320 
0.153669 
0.155638 
0.143111 
0.146762 
0.143526 
0.145202 
0.139308 
0.143826 
0.148598 
0.126633 
0.149887 
0.143411 
0.138324 
0.150159 
0.149166 
0.153095 
0.136639 
0.149011 
0.150744 
0.134957 
0.132917 
0.140595 
0.161594 
0.158075 
0.178983 
0.171487 
0.162397 
0.150587 
0.155893 
0.156852 
0.137848 
0.129954 
0.134466 
0.163152 
0.128889 
0.127188 
0.147000 
0.150681 
0.163235 
0.150314 
0.136518 
0.150466 
0.147545 
0.155058 
0.172551 
0.158554 
0.156841 
0.151193 
0.157106 
0.141729 
0.130918 
0.161380 
0.153036 
0.166129 
0.172744 
0.184908 
0.192195 
0.177694 
0.170708 
0.167747 
0.183196 
0.175506 
0.148550 
0.145002 
0.140819 
0.130187 
0.135761 
0.140578 
0.131264 
0.140472 
0.129385 
0.140771 
0.135030 
0.146895 
0.153283 
0.146863 
0.151319 
0.149751 
0.140167 
0.129895 
0.127301 
0.134162 
0.144198 
0.129394 
0.125621 
0.140705 
0.143490 
0.134098 
0.140848 
0.141566 
0.153110 
0.140320 
0.136163 
0.142362 
0.142175 
0.127424 
0.137541 
0.144323 
0.152938 
0.164035 
0.199302 
0.155355 
0.155373 
0.142382 
0.146093 
0.153641 
0.152796 
0.162150 
0.183120 
0.159211 
0.157650 
0.141537 
0.136531 
0.144251 
0.156170 
0.141796 
0.149354 
0.157538 
0.146237 
0.161528 
0.169473 
0.149606 
0.142834 
0.143515 
0.161118 
0.153562 
0.152827 
0.143648 
0.138734 
0.131086 
0.146954 
0.140365 
0.141216 
0.134512 
0.136020 
0.136530 
0.150081 
0.160752 
0.168223 
0.173624 
0.164911 
0.154527 
0.134961 
0.142811 
0.143677 
0.134526 
0.161067 
0.183174 
0.157037 
0.144267 
0.144583 
0.151251 
0.208330 
0.169169 
0.164752 
0.144969 
0.155853 
0.152896 
0.153437 
0.145312 
0.146803 
0.153746 
0.160136 
0.173953 
0.188543 
0.172488 
0.168228 
0.173006 
0.177728 
0.175873 
0.153038 
0.146127 
0.156686 
0.146943 
0.141268 
0.164648 
0.158368 
0.142057 
0.139724 
0.167740 
0.175300 
0.189916 
0.177356 
0.167299 
0.183437 
0.156495 
0.152703 
0.154459 
0.155430 
0.143542 
0.135069 
0.145303 
0.162951 
0.171642 
0.172345 
0.162573 
0.147464 
0.156914 
0.144194 
0.143321 
0.159234 
0.159436 
0.154630 
0.170110 
0.164547 
0.171725 
0.152262 
0.141654 
0.131485 
0.142016 
0.147159 
0.141075 
0.142757 
0.133969 
0.146689 
0.153971 
0.151134 
0.157986 
0.148956 
0.166352 
0.146694 
0.158241 
0.156549 
0.146255 
0.158997 
0.125570 
0.152936 
0.151319 
0.136573 
0.141142 
0.147499 
0.131933 
0.148805 
0.147457 
0.135630 
0.143468 
0.156526 
0.132428 
0.134684 
0.125776 
0.139694 
0.140481 
0.158314 
0.146990 
0.144336 
0.143406 
0.143000 
0.166669 
0.138848 
0.129532 
0.146616 
0.155671 
0.138664 
0.133713 
0.140216 
0.123254 
0.130056 
0.131033 
0.132660 
0.150971 
0.144688 
0.125282 
0.152434 
0.143679 
0.144348 
0.159849 
0.151167 
0.153666 
0.167216 
0.164825 
0.158683 
0.158853 
0.156592 
0.167266 
0.164566 
0.143196 
0.137702 
0.150151 
0.135984 
0.134215 
0.139298 
0.137704 
0.141981 
0.154281 
0.144713 
0.133193 
0.126765 
0.121323 
0.125996 
0.136987 
0.136479 
0.155322 
0.154202 
0.148291 
0.153268 
0.156086 
0.178836 
0.160381 
0.148699 
0.152452 
0.173347 
0.167648 
0.161683 
0.161792 
0.148371 
0.139623 
0.139234 
0.142328 
0.139309 
0.145915 
0.158571 
0.158395 
0.141228 
0.140966 
0.140224 
0.130870 
0.120128 
0.137825 
0.133000 
0.136347 
0.154901 
0.140881 
0.128057 
0.132359 
0.143562 
0.134663 
0.137857 
0.140235 
0.134216 
0.134846 
0.149327 
0.151499 
0.159646 
0.151140 
0.141631 
0.132231 
0.129360 
0.129624 
0.140933 
0.147336 
0.145401 
0.139115 
0.124691 
0.133409 
0.131013 
0.142331 
0.143352 
0.120353 
0.125618 
0.126657 
0.142505 
0.186923 
0.171762 
0.175237 
0.169028 
0.136826 
0.148652 
0.136037 
0.144509 
0.164681 
0.154729 
0.145865 
0.136536 
0.134753 
0.166210 
0.161426 
0.158548 
0.155961 
0.161320 
0.163908 
0.181206 
0.171757 
0.191887 
0.177482 
0.162448 
0.160253 
0.161154 
0.184842 
0.174227 
0.154304 
0.169715 
0.161119 
0.162915 
0.161250 
0.150818 
0.157559 
0.136695 
0.137088 
0.159989 
0.154485 
0.160320 
0.154933 
0.140593 
0.144082 
0.153605 
0.158216 
0.147774 
0.150510 
0.146315 
0.142525 
0.130297 
0.136598 
0.130172 
0.132392 
0.153398 
0.154942 
0.166047 
0.166044 
0.154027 
0.134528 
0.151680 
0.166967 
0.161653 
0.154309 
0.133930 
0.140998 
0.144477 
0.141277 
0.142872 
0.147058 
0.139942 
0.160174 
0.167709 
0.148272 
0.152274 
0.148466 
0.137604 
0.143001 
0.132645 
0.127668 
