0.347736203350917	0.305134118205499
0.362247837568879	0.354799286008699
0.139761936578534	0.220969967155317
0.457294789515262	0.412180041448631
0.309322248869976	0.350435555801790
0.285984910836196	0.344537097127786
0.183541652574793	0.284077301354642
0.460092691259497	0.558687481326284
0.387761039194596	0.193421449943198
0.373632041533029	0.527078424275936
0.206622716551476	0.398495207576543
0.430244023029700	0.281727650774507
0.146404290650886	0.317824954240910
0.127219508795978	0.430957376297497
0.224752760450886	0.330350586596144
0.322654301535765	0.254867909778400
0.229784449916643	0.201628340031744
0.207482464448850	0.323141329475998
0.247835963677649	0.449585501014682
0.193357749268330	0.332798407733654
0.431415795972426	0.406185118409985
0.423312525753984	0.291585488575191
0.442228075182234	0.288973937486974
0.381062129959282	0.339897224107298
0.286097838573144	0.433892938547875
0.507977929350778	0.399800622530742
0.213460030243089	0.248049861853043
0.274999871131116	0.510592195909885
0.305722304226743	0.357165494735110
0.433377505482715	0.230551917074542
0.371595131602383	0.335209183251539
0.236304708268392	0.310568137855025
0.423474907107098	0.312581782243949
0.349699098455834	0.293861595167077
0.338561693616000	0.256045116722420
0.455021978670480	0.375507336628515
0.248642169745917	0.254102836690267
0.342386189886671	0.274015033065642
0.589171096213180	0.270532871671454
0.174334032974188	0.152695545683965
0.122237820959833	0.447904683282525
0.229332260819982	0.158132046582773
0.400977615698411	0.136992503074838
0.384814121243284	0.428211765816636
0.362525646277313	0.283427518421313
0.384203268270427	0.384660766671796
0.231404492495730	0.114382971157896
0.373537579045867	0.317148604019408
0.475863466799285	0.382434518966209
0.425428960630157	0.446624187593207
0.361934224742060	0.510198883866116
0.266062976724644	0.346562908070951
0.347570983790983	0.230628585316388
0.281012272764580	0.280665247948737
0.243195218740556	0.167349335302398
0.163676937005468	0.394732567109601
0.248953422231631	0.357340698016711
0.235360347282701	0.264684431383977
0.211268861131720	0.276348622347208
0.174404479176480	0.301119560909241
0.459884922271271	0.394583223702961
0.359347277181636	0.266427270359476
0.433547779661359	0.246851013918966
0.381790768960160	0.443235117908599
0.415114572341699	0.323807358286269
0.248017433473775	0.317336231682212
0.505281089952671	0.201854975751710
0.175183953636801	0.383247855391210
0.405845781066398	0.369618633297602
0.257170352809528	0.126053454195397
0.263368001315056	0.236431294995415
0.281269384756303	0.445567065011616
0.282849253782853	0.452668056686257
0.147168265216833	0.160969708881410
0.455772624128244	0.516876878871718
0.322720847308449	0.177627146050772
0.502888641915079	0.246379902027932
0.150515822028975	0.161690479410024
0.198604452857291	0.423161713263123
0.426148678963723	0.186102777710616
0.231048638750992	0.309668126626708
0.387473175351484	0.309861213119904
0.308427594123817	0.156263422912509
0.457672697789727	0.239311424126066
0.241890664383927	0.234082529422674
0.347671678330044	0.439192019539421
0.428259500223312	0.297796758688975
0.263584962073257	0.268656933233855
0.339001872778656	0.385635170204467
0.287918981111473	0.242107337263802
0.438046733978398	0.218791389541050
0.369533576136356	0.159627724380235
0.312652319974579	0.344463443357305
0.415904805454878	0.356552374360049
0.269261993358074	0.197282963180797
0.231609957881585	0.451751552324832
0.277253795305328	0.352735154787019
0.393565673687353	0.292494328914935
0.332802446496707	0.352948162742138
0.663005064320340	0.110279063144063
0.370047528563440	0.244472584375346
0.342233299180303	0.164759802782616
0.250469551447574	0.277874805616035
0.367000421686674	0.251566206702452
0.279905013854513	0.178086037140761
0.298780441971065	0.197431576633868
0.278224203594937	0.280060215261024
0.306826889408699	0.0636407537455268
0.453647949149207	0.320405774009275
0.433038525626702	0.255979173089879
0.324439585896555	0.529734074528495
0.447774443691691	0.383521981742434
0.412473051451143	0.241446263198185
0.312037665484053	0.196539173748105
0.211558817507845	0.362583688789114
0.158446376990513	0.288042139682831
0.229539238048594	0.343110325951926
0.414847409215183	0.415800682014666
0.280103683761822	0.242780566259401
0.276952656586563	0.337054099068617
0.319999770388708	0.222082613427355
0.369934623050108	0.295756785899950
0.264738263868916	0.501981880015797
0.348179440448282	0.171340680788950
0.409250771591635	0.0881942034137691
0.408857932291895	0.420933782117105
0.317763018700779	0.335349227275924
0.355460086917936	0.118801503739600
0.400713799577116	0.332137872231285
0.212090861657966	0.342362671977415
0.291087160934193	0.334675223440095
0.313919480293261	0.244986808439395
0.387168376422506	0.323910650579901
0.333762662295297	0.408303220638097
0.278242589870290	0.311723443186624
0.334353283076894	0.302876008683545
0.334671461950993	0.457198129143481
0.332357263905832	0.138722145105305
0.272777801870312	0.365579111050803
0.194471856090795	0.256374379554722
0.169860523192119	0.205585593921330
0.352375625307298	0.151469073551212
0.141265687627803	0.330797540113013
0.397471129904385	0.168642290548128
0.337515083496551	0.265902455107461
0.513384998625267	0.371287821596615
0.444986863291818	0.349115155243200
0.439331741986462	0.357520923334230
0.431904496993722	0.252924710557697
0.332752882187795	0.233654802626761
0.160388559941217	0.324923040846849
0.340127130840981	0.319304286419896
0.409719578654050	0.246910841595769
0.367662672122025	0.323349084086457
0.417481140754032	0.281445920089408
0.395737336855203	0.350142371843775
0.395782344914234	0.358377975817696
0.380499717876877	0.286782104214258
0.354544853017545	0.303184074730338
0.255935422238082	0.204421862801919
0.332776206336727	0.239113738733721
0.240282178243576	0.253492479256746
0.311994365297000	0.345986915118726
0.278434604090955	0.277502752859567
0.506286498795300	0.242413639541365
0.163427360113036	0.212799090637112
0.407558731696228	0.326342932985445
0.345347853097175	0.347793309480421
0.405731557217776	0.206346647207669
0.313183513009233	0.360896212653964
0.271727381404479	0.175180187408492
0.375028562554600	0.186330151791707
0.287629959827581	0.342795603052198
0.269302162254574	0.261399485717268
0.260770387470428	0.265392301358321
0.217124631189043	0.436291197430705
0.455246164906899	0.348505373995627
0.322980967445160	0.285101062065026
0.287496685496856	0.136089536093139
0.300297280596466	0.342925816720792
0.284350328320392	0.140527060348003
0.251280585278574	0.453372455055672
0.254743784768966	0.251142053937736
0.0911136787985770	0.304357448245549
0.263213370779809	0.374063446733724
0.407963870656167	0.0548625197400525
0.562534319678720	0.249303310170388
0.254465159058491	0.199600797124002
0.292529858120101	0.268613365729181
0.253755433733304	0.202077034987025
0.348566793518430	0.274769015833880
0.408772801850303	0.262783925912961
0.272371943071958	0.342436665514305
0.364361486547281	0.322227959555259
0.344014174056680	0.275406170020458
0.330108367949003	0.325905631257431
0.255400454295930	0.322310389105449
0.373790259815882	0.377447603559054
0.320363596455379	0.355020002865710
0.308363729888667	0.236367772385693
0.463538424335403	0.217380023388281
0.289096512141016	0.258046336893107
0.279857181789577	0.277899200112144
0.367282778311425	0.196258628300755
0.164781309032103	0.255261653521672
0.510045082338975	0.264942264074627
0.301575834713221	0.416299293433093
0.415122994535505	0.412960723970050
0.195521923624250	0.304334918901010
0.400644223962585	0.206794335871633
0.465813789530599	0.272552467932977
0.199275657712366	0.353741618767756
0.331477706804631	0.366606618251297
0.262201693797699	0.376699542515939
0.297661389065214	0.249880562129353
0.353344247027365	0.204094654361084
0.317330142243678	0.257645193152319
0.404849054419885	0.307159433828578
0.355865375228076	0.194031803897599
0.361856094216643	0.207959502986067
0.238724799572328	0.320109251487766
0.404599361200923	0.240855559635098
0.459164694656649	0.257791925030687
0.0618132692370522	0.149071115691118
0.205738237749435	0.195787981453228
0.342976270923054	0.236725339322700
0.389684091123999	0.288323392739921
0.278664355850353	0.244444084964965
0.257385397629628	0.409042530472643
0.0992177283877051	0.294186382755224
0.440196874694906	0.234872724156641
0.367373207845983	0.203668832588099
0.349379243817766	0.284133118140281
0.186505493454469	0.312800196845882
0.307961328121173	0.241324595093115
0.225881385413661	0.176737310701591
0.241496644397634	0.198083947386143
0.158002888695695	0.275266106450949
0.581995933476019	0.274111216796184
0.344120800984854	0.210150147391905
0.408710011634517	0.437573133849314
0.514920166416044	0.325157226105576
0.448681105248337	0.380467773799473
0.325347416692347	0.225473152504565
0.171084851135159	0.288367334141004
0.326397047259777	0.179736889738514
0.0940552349098266	0.269723776374884
0.348036940250590	0.181316290091305
0.377766428154818	0.154011520313718
0.323305193270654	0.326419988936133
0.211961188553161	0.500525060448104
0.353743735657001	0.310968214433603
0.246439912464972	0.323716636595052
0.463088258839690	0.270874057195384
0.125106367860487	0.217570977967802
0.347209620684168	0.332873290429347
0.265914856707453	0.379187253001151
0.398431065881293	0.332356399516644
0.225324547741664	0.263870974862187
0.316183210485326	0.314994363772021
0.312641001424194	0.174392248470425
0.343485899458976	0.212081688105331
0.327564594331411	0.335328726332435
0.311617410475382	0.197900484227958
0.401514580641285	0.311866033145945
0.203873942542236	0.248070583406225
0.153622681513607	0.352102880021005
0.294652412860520	0.298764462023693
0.350536559985463	0.384643910331651
0.409616024945520	0.419735118650054
0.399096533610621	0.388300601930231
0.250955647544594	0.316198178399701
0.230927883793150	0.346975215957452
0.210862447537908	0.207294287859615
0.418255447895889	0.385172625459382
0.257077816492936	0.190213948892562
0.283875686358579	0.413201338349050
0.221536244639848	0.416351258931075
0.446874496575013	0.388859316207385
0.319324331610864	0.170170082099474
0.388795902891379	0.537602368076137
0.361592326803079	0.273778371870469
0.335596998174911	0.224728999301308
0.428944987025337	0.339261444965710
0.451187384242572	0.457346476698311
0.203929135150398	0.388664676581204
0.161825816227688	0.168524481127918
0.404117041063429	0.238422594795919
0.424941419590299	0.232790817297393
0.408588059746067	0.325195255389857
0.226674703949452	0.252656637405059
0.442946866057509	0.205212190636344
0.258835293159450	0.662602194374072
0.120529988855872	0.187334148639553
0.330635175772723	0.166248124495049
0.278457579331136	0.286089337688699
0.405470021481601	0.343498307987897
0.200548637535372	0.270807148398124
0.336467493063048	0.390652677237788
0.219575228736406	0.353298941328302
0.341760204701890	0.295628689217820
0.481583516954417	0.505990189017016
0.258302433624611	0.497618309935567
0.286710043649621	0.334163727826876
0.220229606954304	0.166433280579215
0.298208973754617	0.308731091738419
0.256736217549270	0.366125124412574
0.368865375036511	0.235313537832139
0.311257325479812	0.511173352485203
0.255759839072117	0.338364718558808
0.263828464520828	0.448445342095584
0.499991389657116	0.393985680061038
0.222657908280753	0.421090634945543
0.338631365994973	0.373639556773602
0.571572582395151	0.328135400137881
0.451881969296177	0.307513751679946
0.0901421561048723	0.509094873657227
0.283524453845247	0.150892807300790
0.411532385450734	0.172956497827184
0.286566530423202	0.283773998556886
0.229584303140522	0.342063937858349
0.263707091568924	0.287209248390898
0.345491985689881	0.324541147656431
0.341791955863097	0.474652910511418
0.207424643284612	0.307809037501236
0.241948447200486	0.186083587354325
0.271749909255757	0.318666125984200
0.239727203244225	0.249361502210763
0.148919609017652	0.368525744333478
0.0477131982488792	0.318850738634275
0.357779856379857	0.269819258982810
0.289612206927560	0.351300330132257
0.111376779588506	0.223342613101332
0.140447229805288	0.312827536039409
0.235093205503945	0.308465671763425
0.103279649031828	0.438212993983265
0.409738775297728	0.233320444299279
0.253557945151247	0.179576564570722
0.441904270061806	0.402477833025319
0.179224201731683	0.295035750074654
0.421901246482080	0.541767865061298
0.318596302763955	0.224793762002375
0.204958739221921	0.553918666157076
0.293642822023771	0.177480869335662
0.369879560765103	0.335508208612457
0.113783935349088	0.248305310233470
0.359097022561544	0.361856936060891
0.321597357574118	0.135782220942263
0.231159552586248	0.288451269961087
0.265641434491742	0.289228534062706
0.246793457033622	0.349156868429118
0.132761598327388	0.438797935084707
0.459359823053880	0.365111103550275
0.396984841051175	0.183598816193222
0.365129209839354	0.290523999829265
0.508525220955457	0.260460249959720
0.261553733085461	0.430440793805275
0.329093807504195	0.256325065396679
0.365467118941428	0.308583229144595
0.233073570317904	0.373492549632524
0.222824325302588	0.276229646827098
0.139602223575875	0.455888549871080
0.385605291674069	0.317051995493767
0.272061231000202	0.283063167630948
0.341818882489522	0.314883523042095
0.464816707635393	0.320379379706965
0.362968562915720	0.288423072038985
0.170966087457804	0.257315123675891
0.277694493018490	0.377922948567871
0.421541340532143	0.309446787215614
0.229511714722312	0.251363507050607
0.201210426108318	0.263047090481921
0.163770898357659	0.344976214013592
0.363296892474213	0.212912825382765
0.281640199877193	0.289932169799090
0.458958699352658	0.264878611040368
0.376612166587725	0.175502129272212
0.156389231203794	0.241876299881049
0.482423742622846	0.255105213495203
0.208662333107718	0.275456256822845
0.423574819780377	0.336490858255465
0.353407942432849	0.212507500569089
0.180325540199214	0.385894336434078
0.407791048598216	0.381008357058981
0.262604975179705	0.212012650115938
0.422771326211762	0.331805219530599
0.402429893107000	0.311022402438318
0.380130403375169	0.316182470965171
0.240108799895281	0.240528769436048
0.273576871618566	0.269098155874673
0.301230791106621	0.0305752329427935
0.232178900471930	0.257582823871259
0.471321336599356	0.461455985616180
0.274463525762960	0.233326698492607
0.419940615112002	0.401610192689188
0.208759594479447	0.358065917924575
0.286945665051903	0.255692479986023
0.315756880434923	0.264599531824261
0.174439580032866	0.306472574896118
0.338975649958737	0.431969418345552
0.304262394049890	0.243855599702917
0.534017543744314	0.388136357154498
0.274495694612903	0.268705612271470
0.313463717537303	0.387569325829712
0.357878749308830	0.491108176136596
0.268740502036473	0.239133966123273
0.325860382555247	0.268893734523899
0.388538975798554	0.144743031084061
0.0740044420316506	0.306408158202961
0.268065676761381	0.390096486507662
0.235157714850464	0.0842858145455807
0.276132186546387	0.214301666134544
0.334649119363143	0.141688567694524
0.256148499425794	0.289981034241740
0.388358308800691	0.480335814166724
0.276029135681001	0.367417065780622
0.516986439486931	0.117881028816564
0.405275981564629	0.136721545907419
0.365236852269497	0.281558470625065
0.308861373299575	0.229516727018772
0.402143192820039	0.247778143535901
0.463216674799136	0.278387547147531
0.152273867254647	0.278911604566797
0.271877846814903	0.135464328189366
0.425077835596193	0.240437653377539
0.272011438289387	0.358680385088681
0.369414525386586	0.181391359700661
0.284354426358118	0.0762961124749034
0.219868933754120	0.383820805433150
0.247877128675645	0.229439522725426
0.460129881718865	0.209118402762967
0.271260147529800	0.367316939005637
0.219785978371883	0.311353720214417
0.248585169176281	0.362611760307070
0.316561028661436	0.249322474847713
0.356716744592537	0.184470788845610
0.150747309209883	0.235999786885577
0.482599798355965	0.262088124876199
0.273454093545827	0.222399970489630
0.388814889080114	0.437725990846319
0.202942538467720	0.357974058153493
0.321009910154585	0.296468104126798
0.226698792651572	0.490604868668309
0.410463448619320	0.489999202456183
0.306911543585004	0.381807791533553
0.369529345016390	0.358415522986035
0.327070453997425	0.319820993219303
0.256159545859725	0.367769034925139
0.354973408701272	0.307803658718346
0.319291193047329	0.238611758211136
0.309047180615870	0.383813249809841
0.466051770566336	0.278042660197695
0.343127713264943	0.409501211798924
0.356153891702400	0.0928127247911844
0.425162376986249	0.140880869263657
0.329971173457746	0.474698963889319
0.334419844083156	0.315063984136053
0.243573168343080	0.210182843584954
0.314177014568131	0.307140947587749
0.315839330434129	0.357772727483963
0.238680589516049	0.248101883491326
0.224788584500246	0.221629206982175
0.288522206149303	0.210863989188842
0.130959050482406	0.164946961813136
0.245805707416937	0.288145322434339
0.415356427898423	0.375718198929076
0.365749380465437	0.387718182030275
0.363535600771283	0.380068094894333
0.311105079511381	0.419695706896740
0.220058493272444	0.288759950276518
0.330169400916398	0.381144127446198
0.394597764996543	0.0595992845440757
0.317327382974475	0.311452961983629
0.106179903391330	0.266788744549729
0.404958699808172	0.330641601959624
0.314797090254056	0.391779730338986
0.543566673895755	0.339616238162409
0.404847247694071	0.431672905136288
0.438389370667010	0.257500026682992
0.323274391455151	0.237875813296913
0.182920283899387	0.277146492325858
0.306567992590781	0.419332671951469
0.408206695271837	0.246904150337864
0.389989643240331	0.204289765711234
0.253584567366215	0.328242812042801
0.0967249743611070	0.195631427770169
0.0552306562689519	0.298574200983556
0.297373563280176	0.164976697347613
0.411016310488500	0.286600211322666
0.208068408901653	0.312361119047719
0.302546074263948	0.220637562541555
0.277074253806334	0.395512663597239
0.289387813881096	0.250556891374756
0.418067742334823	0.374485859759198
0.355157753387923	0.404929542035114
0.330970442641692	0.368477795502099
0.208899228446202	0.214564126392253
0.359853595912877	0.324323406370479
0.299494216472535	0.181357888687698
0.241315728047664	0.173494628294313
0.284119948193558	0.321163230004576
0.155552013585794	0.253531495110860
0.326308146993232	0.233971499638556
0.192173552494059	0.397186843646198
0.334397918617733	0.381565495483205
0.336641414472421	0.202217492735788
0.377047566257631	0.182304643707324
0.411448357209337	0.326204748754825
0.228076284440458	0.288632616098149
0.367493003399724	0.451017599502620
0.245742607284137	0.332601172554122
0.278947789506479	0.344689177127358
0.228622557164555	0.269634100918807
0.291524190179750	0.325740846194686
-0.00541558838144768	0.376311502531649
0.226931151711135	0.140441987763812
0.187630518378980	0.178452281056754
0.264076307163203	0.395643216512688
0.434258875753414	0.318755521459821
0.352312862013587	0.252502321055995
0.269226869220829	0.430228468247826
0.319040247665608	0.174461504243688
0.202014220956174	0.201871845541504
0.193090097169832	0.226809072814573
0.190299705238450	0.398150282289565
0.356989926699548	0.299309567950313
0.383239461265991	0.340515319870656
0.529535170182031	0.377029356992925
0.206767710870919	0.280734788103709
0.292195619360017	0.240547241685295
0.138297446450782	0.361853955518528
0.267473800006985	0.449211177025427
0.119166708754022	0.339768811512969
0.167025564552371	0.0383729404787425
0.439806319166411	0.274063867339597
0.191583528825288	0.442258675595915
0.384499451037000	0.286001726804714
0.178235963548950	0.212954018267549
0.537856608328903	0.246064262652461
0.424928265317148	0.310684126507014
0.329501173099106	0.272053369010354
0.351112646257681	0.208118865754218
0.491093253515217	0.237071355791056
0.239297978988181	0.178787360365698
0.362918723917678	0.327774108181416
0.234963602371120	0.269356646236983
0.281618355205198	0.0885826576227290
0.252043846368894	0.430474058921261
0.265155896198149	0.346687759074089
0.115666014571299	0.373137447711975
-0.0493908597913441	0.486217734187039
0.331984274647490	0.365491193978337
0.304471078346081	0.357361476070233
0.116268688616262	0.318747479265823
0.181135123243289	0.315139298691656
0.174391395744928	0.358647468790482
0.138189119999639	0.275001180564384
0.171570421819888	0.421551026290937
0.286821300381517	0.310674953657955
0.300990383011004	0.209321671693099
0.247719348052892	0.465988069312701
0.398351725967376	0.297669585203085
0.120337255298759	0.437139310855888
0.395986076783441	0.273343084135419
0.215542851079994	0.367710469187262
0.312652728744128	0.211066024990802
0.315987334267072	0.171532532855049
0.189638767991077	0.0123092161425684
0.215043520103384	0.287885827405423
0.227136969322540	0.325135986871410
0.324781163340042	0.358230392554293
0.322586820165593	0.437459182123244
0.436519277186507	0.202913056595493
0.194544816376794	0.418252757788470
0.459673086193839	0.339842873460531
0.394971523308079	0.309730262591469
0.425144818780130	0.193984029382631
0.140011340933583	0.346979042447159
0.426077586780498	0.342229696091435
0.482205503238449	0.315200766908759
0.190120436537958	0.432582262230670
0.265534562417087	0.310989052433547
0.362654853404400	0.415433468532856
0.165492869800219	0.356692784279663
0.368069596137128	0.431534643334323
0.310159140639963	0.333580983272955
0.0469009063026405	0.314137737348132
0.318481223653285	0.166053500763441
0.170421725031052	0.412884048666199
0.0930556093461219	0.459218829273013
0.286137043870117	0.228201990830535
0.277202285855150	0.281127849350261
0.230326601136341	0.400031845381077
0.410730817716009	0.537293902690972
0.387282726593659	0.247674307469796
0.189588962512143	0.188869629242790
0.297074192065624	0.270250736136566
0.281026582066814	0.310851689436737
0.172921260015913	0.242120750956962
0.416167409196221	0.502204027375600
0.142846511548732	0.385157513540502
0.334409374086704	0.424539457594927
0.345439605416580	0.300629593929418
0.444621877319531	0.367201700773625
0.336551335239289	0.448721705778570
0.337598095938765	0.322257931966132
0.339482794551660	0.473918172896208
0.181222365395837	0.193370907728043
0.286719015492406	0.191723376076564
0.340481775941991	0.0751678779265184
0.160682106784377	0.304490996132384
0.231058920596142	0.149289842778628
0.450996010412391	0.303607010565465
0.185590092493733	0.414713575235041
0.284632798641738	0.358962656149608
0.478533241125828	0.259252641679938
0.459959014814375	0.294200982022678
0.355472424667815	0.115113669147533
0.271739104497689	0.211545437467333
0.229059766861972	0.317790959544362
0.212837347835596	0.150278944206941
0.132445842669429	0.360092885640608
0.100927751164674	0.408235311619293
0.333972685922008	0.389345690302105
0.253290602969648	0.346759207775914
0.116622440172130	0.302168675683482
0.311735040335579	0.366747826894825
0.416155240084637	0.228561688130863
0.337287376149924	0.330494355227484
0.337972332071393	0.407076422552337
0.248431398194936	0.243295310328463
0.375630563476304	0.238755414400718
0.344978397250325	0.231121671663062
0.185850117934660	0.365419071108623
0.240987267086606	0.422800679520731
0.363749721385607	0.0943289361287134
0.254054958141433	0.287298885789034
0.257230210275175	0.288209663429765
0.362271032029811	0.438090844130926
0.199941556460526	0.197304091718260
0.352414516775338	0.395985244695781
0.268887545575023	0.330118328813032
0.372346072449208	0.190203786517558
0.211080975881311	0.311714998073134
0.349645262700543	0.235182233636978
0.349755931973927	0.389961828406617
0.361007876497130	0.386448902991831
0.474515254743744	0.295826185566526
0.255867057008298	0.387800966291502
0.439625195341089	0.267019015843081
0.411915279726449	0.307705502807279
0.333237265136031	0.213366567921878
0.313232106671282	0.249934670647770
0.176657429522936	0.545946558177376
0.275761706439960	0.229725881989454
0.155870009685748	0.307822473737317
0.233668242962591	0.227807202712418
0.326976530550018	0.284294050828554
0.373348670396330	0.356226967726028
0.274725392906366	0.343196152623286
0.364931514591018	0.267127366000807
0.251250060977316	0.156173824341934
-0.00213624784874195	0.295491519605575
0.381226507518033	0.450621728923618
0.192051387426402	0.283882299575763
0.298647951246466	0.336068344992015
0.318641259477705	0.328333367167486
0.347162831833065	0.425991887061041
0.373546059652114	0.367946579776728
0.206859675018733	0.272910303197173
0.299861068860073	0.376023086325519
0.322127830244117	0.184861906111855
0.102903013569147	0.406915249802841
0.385465914215691	0.330658590214808
0.366195612587645	0.256585363656937
0.412328520155137	0.254735844118631
0.459594644790062	0.367794739331838
0.200812268929765	0.314895840615954
0.421656858605061	0.434585388295557
0.247030394706100	0.103583218171449
0.301832061104032	0.173220203399492
0.202116547514195	0.264763030468345
0.441695004819859	0.299086950279613
0.303545431736886	0.273478782505469
0.137749779598666	0.272253011043386
0.251857111092152	0.312177282591935
0.314488947882318	0.288735826104714
0.196527037056498	0.305319626685571
0.284050606257796	0.0604654057936922
0.306080650067779	0.293681544040262
0.284884376480873	0.238914583918208
0.275555040850053	0.210561594191081
0.492428027715439	0.272349598281025
0.171608389349569	0.375393592612715
0.288392760674896	0.364130860943682
0.336142585388727	0.217203527340790
0.373120240146681	0.288613948428566
0.195168698234782	0.390906544144385
0.403537973164027	0.289370911144196
0.362614719474645	0.304356463033616
0.360809120010564	0.285476528706804
0.292906321585397	0.245037821589689
0.308373153529350	0.436027243760178
0.227162875929867	0.237890463482956
0.301381661367399	0.361599654308060
0.258242380920280	0.373740129078797
0.166098898241488	0.246924505220004
0.393980371792767	0.173523188680072
0.343012666081645	0.285953215005168
0.307042611580424	0.195438901119020
0.193353117306458	0.268660803009215
0.320049560765905	0.285922998739963
0.202434593078667	0.315439375879069
0.459265162043720	0.373876304077423
0.182825430679162	0.167778959670306
0.419528432277451	0.166068610068076
0.258156575636089	0.165930225782196
0.325148686989487	0.334445079543791
0.301812592673278	0.325681051160331
0.211555544080112	0.463587670238010
0.397432314433226	0.270086748665202
0.321451065968293	0.154199820045210
0.361158488350207	0.234484756742738
0.357337356431779	0.370401795015177
0.170394523597510	0.164992868174052
0.276072375599594	0.327029032046499
0.329528079736899	0.0918775113120499
0.288664763690382	0.206002772900375
0.429341983398297	0.331512725514895
0.325365710736548	0.165915305700137
0.299773590831154	0.316482841646859
0.269769971607438	0.146449761299651
0.116226733763668	0.308714074191447
0.386074203029220	0.0951100509544311
0.153901758785503	0.0485988361670168
0.470543810188940	0.193708199490126
0.297657610665561	0.444563521333778
0.475440783995111	0.366354068413799
0.143916440173022	0.307237160396823
0.479454264242676	0.402060420590014
0.399743877080366	0.257878950616738
0.240677815969906	0.333768304069802
0.391325297518117	0.332282692509441
0.457195060369529	0.228759431956834
0.270932342643729	0.423137237278104
0.231564246825103	0.468415962289420
0.266132684532272	0.146894722799502
0.235586640057577	0.255215656609744
0.323379452211525	0.261879492344812
0.351490808596908	0.331692401675339
0.0737193624094814	0.142280421874452
0.296384093745282	0.244483785611915
0.246005293729128	0.362757732264643
0.282725541797703	0.337966617171186
0.406383815746957	0.306082960633644
0.194639635009951	0.467037410237703
0.536624402193761	0.195573102027761
0.127119612597758	0.231595979013285
0.220802786881080	0.105692678667963
0.316735929559199	0.180841843929971
0.289544827886194	0.317044410879311
0.359959396622202	0.267304031060649
0.270219467302826	0.193445673847986
0.259453639514460	0.330046672366506
0.380561613992917	0.325696768237508
0.312330000736014	0.290618450944747
0.206650321831635	0.262121682202595
0.332168428104205	0.355089515858702
0.186746963403353	0.165883038959867
0.323766497079711	0.333662347748104
0.177364687743508	0.304712211016532
0.486106815290717	0.372726111214408
0.330133148537550	0.196962845509513
0.254915541785660	0.348640731026499
0.345047442621407	0.293399761370252
0.282125754808030	0.357603130782790
0.366564122992573	0.380262957393117
0.255284092518789	0.0939077124627233
0.407564319977749	0.411952570877935
0.213607785331123	0.223473984419608
0.416488651144021	0.360949705861464
0.392861533569618	0.222451913923304
0.362392592304634	0.267565939917839
0.219384494460489	0.364391126553359
0.408103509841114	0.285226505695351
0.196656316540495	0.279624361660460
0.224735866280668	0.406506653613805
0.335070790340404	0.287886714851650
0.342351923328906	0.569530398224399
0.147598140008266	0.333545419562545
0.290301230606798	0.554181785929296
0.331058287457192	0.329567075302204
0.378949988322684	0.389373581763985
0.355790982357050	0.567245500109143
0.182805294782737	0.190799256153339
0.327551298748690	0.317818132222626
0.359078970456504	0.371415261741452
0.255194157222969	0.270543854285147
0.374040550226429	0.471276744403218
0.252624961737230	0.233624578457641
0.114805149350406	0.188137408789050
0.255399412668290	0.318845315203983
0.311867119252282	0.131572951231419
0.283513375821670	0.340546585407836
0.177156367394686	0.312472958720233
0.129154783902575	0.415809193743832
0.269273151022407	0.429522840488131
0.353598707276508	0.279148448987798
0.163377713695025	0.251632663977370
0.199476169894742	0.275198692654769
0.335452976999825	0.359624005674413
0.228057633670004	0.275209096300942
0.248624857002919	0.231964948716102
0.315758517703928	0.362783165562213
0.307680180076487	0.203122485861878
0.244764322098089	0.297871345407489
0.240580968713069	0.294495553917261
0.205097775458312	0.271879323931578
0.344312104191725	0.277691174132222
0.271578940037050	0.408784547557579
0.190876955502792	0.187471246559495
0.282120429641107	0.522049185632815
0.304139260535594	0.432265021187081
0.161328364537076	0.610214768681804
0.248356759302740	0.188348618932411
0.422838810188044	0.403476113387466
0.175541082332179	0.359278778644795
0.199461596827693	0.392846910139213
0.316050329510682	0.364238696661909
0.259126521256279	0.457655123462976
0.338597633459161	0.267301496762858
0.272810895307325	0.309895563743080
0.217530557495403	0.367224366756921
0.208770184132604	0.281881686476034
0.390205334003960	0.405393571074409
0.422238962692018	0.237608355984040
0.149493432723648	0.184346712891560
0.226468370773644	0.342992866319180
0.228261168624557	0.221518042830253
0.221494529947960	0.209930691011595
0.247359628727937	0.399762658483183
0.420951983979217	0.204604396118480
0.279724034627578	0.239720752923312
0.485624361916457	0.331288262054216
0.300721523799968	0.330409643504400
0.349183563636532	0.321090843647700
0.200008519501096	0.270302469574041
0.307243012303320	0.382873108664004
0.169907828151906	0.352741821523318
0.183987812259894	0.260366290375185
0.124975611075639	0.373820419259134
0.184857883804755	0.315727470753999
0.0160245910469757	0.184706448163318
0.239636825475855	0.384960138544114
0.264229780046328	0.289565083567531
0.493551768314585	0.279435486509029
0.292634043398419	0.331520449003211
0.379579722045789	0.288665745812957
0.304891951355246	0.214562409075729
0.214811363855988	0.296531939640004
0.366878191178250	0.234328589706362
0.359121285273538	0.235458865622217
0.282106811153786	0.419135277832923
0.324623295409964	0.309559420617956
0.253900581647703	0.225547153067972
0.273796007643145	0.121115601461312
0.243125899486437	0.415120883717394
0.359725824272799	0.390169771497223
0.403476525749295	0.275797044621132
0.335642524720227	0.333447660881828
0.290619119990053	0.263491436180624
0.108456663576665	0.315182940364328
0.150150142731334	0.377027908018110
0.138268646480345	0.244873553246679
0.255174835513766	0.262225087449430
0.242566321032129	0.245629134325157
0.362074937730887	0.198222641376280
0.327138468657677	0.481250340193472
0.433959004211642	0.150071589424852
0.267363563267911	0.0491306650797352
0.270625688317453	0.407212696159267
0.244844564138589	0.261050721209633
0.398434814927666	0.345511261267873
0.275811234645099	0.426925076874683
0.357475388168706	0.188446239130064
0.216679700636460	0.271960407528355
0.268778832794757	0.274576969405677
0.354131596453240	0.263977346163611
0.274672684405391	0.346615859720811
0.130228430675949	0.260465277665402
0.341074798045031	0.416805093145910
0.147158988102579	0.305687137840709
0.244709902876630	0.414591573968344
0.190775506414473	0.227928295627034
0.274196368825272	0.316038501041829
0.258654210736658	0.362415133618665
0.278460602588095	0.289362145136602
0.235237934721277	0.496416854341903
0.369050914317897	0.370154382520192
0.236167722485891	0.313454124153170
0.349250867537480	0.389411589795793
0.211463379201866	0.369865170170450
0.343227884996483	0.329046675801689
0.243764891497518	0.283724999613527
0.253093747428506	0.341147294411521
0.294472625681150	0.319504152850387
0.0499184640795826	0.191982747253610
0.258580610819663	0.304837449530805
0.322799213944372	0.308022559999483
0.118430443672922	0.288644100286932
0.443338316555676	0.300072574098153
0.321130634898578	0.288695859969935
0.254815924421962	0.164828898716323
0.184375455543352	0.289711381678506
0.239626757915803	0.389280778983230
0.228124617445113	0.256430783569028
0.259994911190252	0.409216409329549
0.249829013794578	0.218508688448104
0.290642174402828	0.0508481513809199
0.328670032965435	0.324600379977048
0.325580494701548	0.280791325665317
0.410680846456502	0.346778369022284
0.268968964248228	0.334223402231532
0.111921014474442	0.449962952968214
0.427389440425659	0.310349778004201
0.356619299733547	0.00934252681156922
0.401647556976290	0.327302538751230
0.290096901225018	0.391620108046156
0.370261132329669	0.359182615147605
0.240304828322116	0.268132975056849
0.462965775284365	0.0661268902868690
0.389033932879881	0.0885750258542935
0.342550342335973	0.422882107278168
0.308752852063861	0.509848503521339
0.290217317566185	0.377770443176571
0.393162516996248	0.296071745120340
0.0912534486557571	0.325237262917934
0.298930340946870	0.391698128413915
0.201493115036120	0.219925216625239
0.331048590216977	0.311792317115541
0.505315127750289	0.325147262363713
0.247924504915001	0.408717105832548
0.325986455615077	0.388376342921107
0.204021945182455	0.198342793121924
0.163850900904283	0.409689273471215
0.176493551287922	0.271609212404156
0.268749818142704	0.315140659866357
0.359625161656006	0.366158955902521
0.387826218214552	0.346015152219454
0.364469395749187	0.475922705342863
0.326857225446109	0.355235510107761
0.281482384869517	0.456760808764683
0.258094426938573	0.0802496898955908
0.368135217072982	0.0847195025405182
0.279623176392003	0.206268654908234
0.268628048180599	0.426990928065508
0.262485141750460	0.248281731064426
0.342891403290457	0.308970325943592
0.434972207828384	0.232381819559811
0.197443419230001	0.329531039930784
0.474191935398719	0.491946946224071
0.460267614212785	0.237275736723769
0.336395339514697	0.329010555826236
0.292600296008188	0.292182990441118
0.219306083336214	0.516174903910150
0.433168576139335	0.458248483392444
0.509627753498997	0.440299611422002
0.223146872524855	0.226886054945431
0.358795976364832	0.231269612108298
0.361830989470702	0.255594574923555
0.275315911752286	0.226988096263409
0.255275606765826	0.200393155776946
0.414085016209665	0.218771600000367
0.250327461451463	0.424521632354589
0.219695557018643	0.241607308629149
0.368523885434459	0.379818186684447
0.313807849502144	0.503506576745278
0.370478745399542	0.147614805301415
0.336375390444862	0.184332973655779
0.0341731329028436	0.276524472639874
0.234004337136457	0.276188151178692
0.487321896882260	0.297319539142414
0.436010933133612	0.467772285907741
0.460638851796842	0.356919124176650
0.316233612808587	0.325629462968420
0.157810286185648	0.469727481425902
0.383654323908060	0.206312410546894
0.479435702143020	0.376192461102317
0.316529458671209	0.289000331304045
0.359542563832567	0.344766752979854
0.282022222893078	0.213759407598461
0.222017181405969	0.459614397142862
0.215157606134159	0.347035480569167
0.287334847120133	0.423508700608251
0.375871766383143	0.140550589598310
0.242087941249417	0.0340159856346800
0.209471468337637	0.259460117004180
0.138348184799870	0.244066811468086
0.178368329767126	0.152995699734972
0.172173085859018	0.238123271676661
0.659985489645436	0.856289201861157
0.594704321260291	0.725188775163944
0.835631988412343	0.602807516919454
0.617416190300292	0.546503116167938
0.669123829438785	0.524061102493675
0.672295668098035	0.565720987970194
0.671925305766940	0.758936589276996
0.628990568902392	0.746934370485607
0.696992407818137	0.750945665030420
0.877412684241902	0.662544964937096
0.674405709215494	0.641746230866770
0.551445070119801	0.790472577224626
0.660448005360311	0.558227670030375
0.729170016879593	0.803285967840748
0.607605699420892	0.434598451889145
0.674580806767086	0.689959021425486
0.717166115763327	0.829887186383719
0.617785254319571	0.775516746961726
0.605564503851831	0.627733507678584
0.603372682820493	0.534239779137915
0.698578723759418	0.701769802341514
0.685590120755730	0.739872869893389
0.737077706993814	0.648246104006720
0.465869305192426	0.640706129892032
0.627457009307234	0.868399468974178
0.734954649276746	0.641051092323171
0.705096469581993	0.727297077832039
0.593202833500355	0.805376893300542
0.892306942961221	0.804640324028825
0.636545979156598	0.496188921285841
0.646063330878397	0.755886629542859
0.650750560742897	0.717334938798310
0.597318618010615	0.640699888350536
0.602239977366208	0.789749836448138
0.730663745940979	0.805092678078060
0.665318164938538	0.855286087027528
0.618362951061304	0.494981244548154
0.643907189013469	0.719432859558782
0.815407129138241	0.829182288788681
0.677604054397086	0.675054790095248
0.743284678796567	0.406478032550300
0.685587648529026	0.914412252629550
0.826745240243320	0.719749312919118
0.535819333786989	0.695158786043167
0.632421905626166	0.740829438906256
0.705895870496050	0.632043886658222
0.708329840708919	0.739669015224989
0.813842820940892	0.720852628429443
0.621090214743250	0.803830663456452
0.754429388414285	0.560070896459950
0.516704137019007	0.783690410165967
0.631970953322938	0.598272195809424
0.624470003736060	0.624566724855284
0.602335838346264	0.669115230203245
0.656132733208133	0.666822563225903
0.601202131935251	0.697630490085495
0.621928015265387	0.706576937493843
0.603392855539690	0.676972106840899
0.453879977867887	0.742644213248874
0.682583625791648	0.625258273663133
0.673231626086297	0.809832392745300
0.608115048621387	0.701474946607901
0.754982160264422	0.688905128506601
0.734167327768153	0.720176282424020
0.638386810163232	0.641603311725068
0.749816908057087	0.572851971158982
0.846301396796043	0.775764571889550
0.747925139084510	0.649182268694095
0.782083978409224	0.713759439535732
0.679192892532861	0.702967261319545
0.939631123936333	0.684854981547397
0.820662044789036	0.611717152457042
0.798391220176626	0.600566382744642
0.749443870774963	0.877144296847591
0.880097668887954	0.678782504504238
0.706693144373375	0.637182197430897
0.727550305183779	0.700332996624363
0.826655605697125	0.621749420169761
0.799486855083983	0.534600373455457
0.738981697397158	0.585610275722752
0.676273788629273	0.876340455520645
0.806017167324734	0.758999717914877
0.907622656024338	0.745731403698152
0.607599080817171	0.782506797646510
0.523696088204483	0.763650988588649
0.659960881468365	0.779912176921855
0.773885983880824	0.761231450800158
0.823398806840490	0.752675735344499
0.731713503738758	0.691907488388926
0.796565341635331	0.821409894615690
0.821042827438755	0.611155961289883
0.667763196835558	0.625778690233664
0.582036297778650	0.646973437912418
0.911282073753643	0.743641524387191
0.703532327845048	0.698385826886384
0.644461726944534	0.771176213780681
0.738207390667222	0.728567088534840
0.612425186473048	0.620998148212903
0.577241363322683	0.661572817884183
0.592619967746282	0.850094010583048
0.854077632235589	0.597294962648695
0.769303889258519	0.547397226946529
0.675653518967423	0.693817370647642
0.496709166219194	0.834599305885280
0.599885106593613	0.618224407888001
0.635094615813648	0.637689282129298
0.590384233854848	0.678278860962594
0.717366807631723	0.427360748002706
0.631672125714174	0.635329467931537
0.635004421706619	0.768199184933204
0.695866720783006	0.800842770775181
0.659057314319223	0.720646395239148
0.730899833014149	0.656966470948118
0.730027344514492	0.699548498943352
0.871360204395271	0.659347447710167
0.630544736802878	0.708414860976087
0.518034556410301	0.775936167179846
0.787442284814141	0.981852740986165
0.672427372081003	0.795448708379318
0.767457612369988	0.668583475433599
0.837980003439095	0.723993717448831
0.637590032111429	0.596618066963873
0.588824815215143	0.578413450442694
0.789516119850923	0.749932152383241
0.878936822195460	0.870692799540953
0.665541564832430	0.753452203182456
0.658704533929449	0.765700054703635
0.564165572370050	0.633520130555310
0.562104361355012	0.622634551402960
0.711632317081918	0.638857224664320
0.613308377307946	0.562655553206977
0.613482634237669	0.680140681929424
0.737139401129824	0.718166164808691
0.787266854632503	0.797391716366443
0.592527379966327	0.472828856057913
0.711518676988327	0.608896864044936
0.778265040379505	0.730546527000771
0.694250081468606	0.661842740802777
0.749164978022903	0.752770777681207
0.720412762673602	0.736807263192364
0.602880258836790	0.669749467308132
0.736243020792422	0.623290735625058
0.748476147460486	0.667423768986194
0.785935331546005	0.726607488514115
0.690459333875370	0.702254750779317
0.586996419847235	0.692854990153938
0.687626592616405	0.686260628283453
0.576187955199236	0.570107542355195
0.716289606708721	0.509969665217537
0.613180067963365	0.708482887236766
0.702433704013749	0.560284855703701
0.647688500351987	0.705117610819172
0.767374428748225	0.615895341510471
0.787059233147391	0.620995187055130
0.580579494659129	0.611666082969500
0.754491001800391	0.655918343927800
0.665278051777342	0.691169553211495
0.771971112156722	0.656979736580126
0.638352739653815	0.766738379564785
0.684188843655554	0.658545463493504
0.767746425410554	0.730781131468972
0.664885419598273	0.669572300190532
0.666518679854268	0.689569407329304
0.655149967561923	0.555848706926241
0.870712994242289	0.996981502245846
0.789786749243388	0.628599040684881
0.708862087165008	0.761172961015388
0.554232618351628	0.744896754924052
0.754449997551134	0.565580061878280
0.656277982008256	0.629801479790085
0.745041576097666	0.918592354820842
0.635597434575392	0.734203522361287
0.728093817487397	0.834444463774623
0.653779012325536	0.578655956208431
0.552689785879373	0.611443290622769
0.732749914695381	0.950801058385885
0.761380902190242	0.561155780572564
0.827364128047009	0.655278934253851
0.798721070932418	0.827344344595758
0.762969586283878	0.582521078223097
0.610024801712825	0.426710399902773
0.689154136338575	0.608083992046224
0.897372416696918	0.767026605266763
0.564323243442902	0.821918626327012
0.773055297532289	0.818649091650997
0.840981431930252	0.661138238429411
0.574187138580486	0.661852316928886
0.718967970811643	0.835461016134159
0.795138866200279	0.746748598304893
0.884413608275992	0.688748017327410
0.701324557872461	0.645791699481084
0.713772811356811	0.744485910601123
0.753935530369571	0.811433211131351
0.755910168651434	0.671490738016538
0.666505970900457	0.668068986149705
0.682351139186644	0.555170638733790
0.719085143812528	0.681060844529413
0.719423411833183	0.726048890213657
0.597256852610937	0.789499368506339
0.754976264395480	0.592778162952374
0.622478080226762	0.614007018929721
0.763615159469572	0.766905920074333
0.552994863225523	0.639746946672324
0.511581056175770	0.629178228359156
0.681305649018804	0.787185464152832
0.589997585804517	0.873884635533042
0.494755436473467	0.695526462172387
0.577482701761487	0.718450670251177
0.530521101385532	0.638060352101491
0.624741106096812	0.643860395384865
0.690420822178434	0.894976839725792
0.706819204643397	0.738576624928903
0.588444185017668	0.713556740816430
0.905907098259295	0.732370750239566
0.757501183062165	0.654575695378857
0.705333509107618	0.781054026899808
0.683397328040950	0.626450045755487
0.699561408009276	0.801716531148907
0.728722122573569	0.841094671347043
0.484783234490426	0.588149756946935
0.745461736018659	0.607584000779258
0.713211407892613	0.776408924966883
0.818495348332651	0.807538542723595
0.685469188778336	0.811713750685577
0.573997289700246	0.698440516738142
0.791209753474147	0.606044746486941
0.687969621190965	0.805764891809735
0.754084314779521	0.666915566452548
0.695768958189121	0.636074986614617
0.751257775151863	0.843827063356789
0.504690170372749	0.744098810456041
0.631666921631911	0.824733331754576
0.732221697436989	0.714326972875329
0.673208735218590	0.672379675088716
0.752288747930363	0.772421926595270
0.552144821035251	0.637265492294054
0.649378841680995	0.702576338000030
0.599310948102695	0.647629862636601
0.780159212940762	0.843174468781930
0.565743892193252	0.800339409421547
0.662616643648201	0.830241882286291
0.518101625308158	0.819271930384060
0.776848537610282	0.615463375110926
0.562826782097435	0.716916455958953
0.721702472542319	0.785329253086570
0.685635550173827	0.711897840876821
0.816218494887173	0.622066583523213
0.730843610363056	0.744158750517365
0.730584153117229	0.776911618162872
0.757639697156950	0.787228815361772
0.904032538253637	0.658491841773739
0.763000856721592	0.777954182456343
0.694156891052200	0.741083842977975
0.787175191382287	0.547514573132124
0.636700564914076	0.802153806753909
0.618765081249282	0.700007501814633
0.650169547806482	0.666588676959046
0.616503847501748	0.887849299630577
0.696513898354444	0.769527502440688
0.822106974043223	0.766326952989038
0.650029031310784	0.648445120637074
0.973969767102901	0.784758369991337
0.768234509117986	0.589876735702226
0.731796434207579	0.657943690972519
0.679824235239743	0.779118414627592
0.662248886435035	0.661469808142905
0.774985571708288	0.669176160801014
0.636496075355323	0.775922635557773
0.847655988535164	0.667285061171474
0.649436818652439	0.713508352441223
0.725729197070073	0.783884986563247
0.610065432001436	0.880823181162438
0.639451347255802	0.741203475483580
0.543124672423934	0.552117139076331
0.734010086277581	0.802963969023744
0.697319265167097	0.737567885140440
0.861842645044780	0.549435742629432
0.728263371156864	0.771596112224337
0.845146178250321	0.793312099902019
0.754039397480626	0.672967030808362
0.628584638793298	0.665749785252959
0.647523412069300	0.508522788247947
0.700613030050462	0.585557394064953
0.587429845528390	0.831910244270550
0.674061608628755	0.668143296523153
0.679094551761782	0.860093879996850
0.801584255771743	0.592960451023075
0.694446888240962	0.781921956164357
0.810737728250351	0.638242047782247
0.636937558128015	0.798102438719314
0.894587917519946	0.626370492395779
0.884765591810227	0.635645972827326
0.709162544371378	0.868327931212490
0.511527369674101	0.755930490624208
0.607717388679790	0.784791005675372
0.921848085840407	0.710132432043206
0.779770169415936	0.660550262065445
0.681827409615554	0.658442151150985
0.768750245379639	0.697423161079229
0.677593031125049	0.773073692923662
0.630687472060158	0.738259730597862
0.786673352354328	0.716636006134116
0.600983422892500	0.610017435606775
0.679996554661152	0.596909932164508
0.712413241199469	0.744122521395810
0.700528284226846	0.821288405885302
0.783891117008736	0.720922351912237
0.605385809878537	0.819193548053991
0.662528981462138	0.802618461979627
0.683502777403116	0.608215318610984
0.635048127089249	0.746649992251204
0.668542805477396	0.733715496499422
0.618705436553313	0.625305945164949
0.863777597585004	0.817727934884581
0.642866527137484	0.707515692859996
0.625286235663637	0.693135731058425
0.522607403233854	0.680092805233390
0.662172251610170	0.635577706125272
0.709523297492000	0.728422284286821
0.479716998512860	0.865611242280247
0.646722762567737	0.763375347416097
0.637182954424610	0.737676393221191
0.730350541441211	0.713074384434304
0.598955991984517	0.820870313828101
0.570707660974499	0.699510141380521
0.788168586023303	0.759806703620209
0.752235099072940	0.393404923831992
0.644320549525773	0.758499922047917
0.605939428511237	0.843590886759368
0.747292488143748	0.663376425958711
0.750326456464800	0.801108806314092
0.906263493336861	0.602078954363471
0.561589194023506	0.855134173041534
0.684878411050663	0.581594850213602
0.577912604683433	0.709586326927019
0.825245960910000	0.883450174097636
0.601421365218622	0.558507960726532
0.630391784227809	0.778723399410231
0.763368611605759	0.732480504528746
0.779177719950837	0.759194383465819
0.433516717079908	0.745700124591389
0.722769615045760	0.716742794797096
0.662096945300073	0.708366223399712
0.694523699423000	0.758180675770076
0.479178784156838	0.786402750972328
0.634189374317330	0.854174613912054
0.835633231843843	0.859323045760355
0.687862659020802	0.741321703727227
0.736128721975445	0.691937737291783
0.641966477255415	0.829885550623972
0.740642493954285	0.619121551841927
0.753338831223345	0.633789181362178
0.691867242388826	0.609204645725073
0.560742093698102	0.515315368180144
0.679272890936206	0.799518661429586
0.582370706338081	0.724135250707367
0.732175592958725	0.773044988089198
0.536802361071708	0.593272425293935
0.780803864184998	0.893471477334962
0.744559875001122	0.595320864853510
0.567642434177593	0.987006221960256
0.690300387017878	0.501660701935562
0.740369790095323	0.728085734521604
0.879323039547866	0.761443905071882
0.647987175590011	0.693880572507700
0.756959689890279	0.785722231631502
0.651832709091953	0.816416897917560
0.818490661150648	0.633565412940415
0.742936949089578	0.792780219557923
0.671926759712725	0.803503811130923
0.633248238465564	0.786021185938467
0.586807959751406	0.820126725145674
0.762342772621016	0.539048553362474
0.623273002784149	0.630223515485104
0.798966772923325	0.792052785902921
0.763940164339640	0.867407261449235
0.801426845131437	0.783868686168251
0.774844776300171	0.703060475675032
0.662848694300960	0.838185865471800
0.552752818014114	0.822303721795418
0.584957266874705	0.780550043873526
0.744381706910187	0.765757451546299
0.835068629473268	0.675791959097596
0.581505717918102	0.730809909088326
0.632370688055734	0.574166380975121
0.763539474316789	0.852229261995190
0.567757127653030	0.705777572195999
0.684591905808686	0.898065412683402
0.610629822477991	0.734909211550417
0.732881251072548	0.710239742039687
0.705119982429044	0.670578373376594
0.591095535554007	0.540395674574744
0.668072550845925	0.622358091901323
0.782374183788587	0.631502207919908
0.690637457585297	0.662232155567771
0.721726027539274	0.597612441647639
0.748621370717700	0.694725164291135
0.694163578257042	0.681734860512654
0.755579945995342	0.669122163433524
0.727005239865576	0.824365168784092
0.705535368302137	0.742761271374568
0.705172013427108	0.679933840472733
0.865431145482982	0.752104709265147
0.932748445351344	0.780703939950162
0.757612405511116	0.665985202313709
0.505200076606429	0.700191907706671
0.578226899637438	0.853078676640904
0.698809315815142	0.694186591390777
0.637978149343903	0.604843620328278
0.812234611390605	0.599487093529959
0.738808930013464	0.588347257996698
0.669678213824004	0.603428753096644
0.693820196090550	0.944551211829177
0.510079970088872	0.733275857170072
0.737427401701088	0.651093169167254
0.615064307690147	0.674109698588742
0.715022292759730	0.706178675112511
0.706116172560796	0.608566814023337
0.779661766560837	0.881286531226032
0.618593687599979	0.800001685045634
0.587624707904084	0.849690514098563
0.707504388811484	0.772344244627567
0.845501633145433	0.774319290315468
0.789791254690565	0.805449149382300
0.680352551851789	0.662845560376714
0.733197557844790	1.00147060023786
0.585490378060951	0.761969841295444
0.902523415201943	0.397628916874055
0.503308514960548	0.610624713806813
0.678832258528986	0.719062809670030
0.672131998466136	0.651669059776762
0.612733157804031	0.648753929768220
0.772563100718375	0.687537109247815
0.592073541637683	0.863576897223837
0.880732472133693	0.598880284514426
0.521215550292935	0.466917632044751
0.810525102702849	0.710762624084914
0.780831355400094	0.780856337203115
0.573070867437239	0.644006053611373
0.570433606390491	0.715835432065221
0.698366993466866	0.742392942637674
0.651892951128411	0.735863826543687
0.457290270457009	0.642239988661800
0.691431607298680	0.638328547199263
0.722660702790627	0.770718546922247
0.762152263196124	0.626406178316814
0.845866957912879	0.708768881623417
0.793055988670595	0.531956664718778
0.789127010545973	0.627062290803804
0.646884686639408	0.719363331171051
0.651372660408985	0.613652905983225
0.604322498594446	0.858070812581383
0.524736522386362	0.548522476897750
0.688365426405630	0.701595935984366
0.634003720523748	0.632145036706025
0.821439366727634	0.870666067686639
0.558739389450273	0.501381602819982
0.657142135502318	0.836836462869944
0.767465475756894	0.454292525061837
0.650457559579857	0.693186473985973
0.742593961449817	0.606422116278361
0.883381450545594	0.701791710060754
0.552373037646519	0.699001321747005
0.735700141142683	0.656338489448048
1.02396763575108	0.846490960789540
0.728076601527515	0.579384087936110
0.646470268690275	0.679679755886276
0.794340961427276	0.604707784766238
0.663808987672485	0.747474963130370
0.649241247670411	0.703009804979998
0.703820900769828	0.742522127284520
0.836627445399239	0.717661418241371
0.724984069486611	0.931638410091799
0.777750085670611	0.775019990852498
0.835291157435395	0.703353908276135
0.610617449532238	0.336790874493591
0.636038854472984	0.707073617156768
0.722839465422362	0.595479177418316
0.521586818240671	0.597884765421966
0.865754701767873	0.523038519092989
0.717311372680050	0.767713299634731
0.689542235317941	0.733246980745745
0.538025481000348	0.674974427427949
0.687089324475360	0.613583971937677
0.852225959933253	0.654711565882548
0.683259261417518	0.852471669846317
0.781508114832466	0.694084868258788
0.591656921418792	0.588284666919874
0.780508237251961	0.611123961118651
0.665034280443163	0.677229181586820
0.682167960091154	0.710019013102824
0.648051686186881	0.417300044048406
0.658737201721089	0.706445665784160
0.597043391919614	0.659081723494455
0.828481382080931	0.710311601816667
0.616280581328207	0.766458159920664
0.787358188240725	0.862107386357862
0.703771488870350	0.648338782701855
0.625807106805486	0.608124581039546
0.765147859222637	0.821465479309266
0.550316585152940	0.773609831600768
0.821455205045153	0.588989458190302
0.740275447107418	0.600387123320221
0.667378217332838	0.676736169312646
0.693183711550021	0.816470638742222
0.588598795416455	0.553219794970572
0.721367731746224	0.737635401146942
0.760074674128649	0.787048240636536
0.595582258622501	0.759245754353521
0.617732476183869	0.657111244050166
0.663635980861947	0.870974551826849
0.849277957486692	0.824566286932968
0.403486162705174	0.971147111818966
0.727582381950982	0.676537962598043
0.718214215636433	0.702919572029708
0.603691935921613	0.617255533949583
0.729579343172475	0.770215413486832
0.625759134884470	0.578907474554537
0.757203679129094	0.679090882803656
0.814409865349068	0.758494009389445
0.713939284876523	0.662571913779221
0.882303743658091	0.807998616494974
0.750563657141193	0.738652989183710
0.657081358489691	0.758192823176284
0.699229188611886	0.844544640563175
0.767090882885811	0.753650881242462
0.592468232167903	0.414756220063093
0.816950510634028	0.740718626183276
0.674614878507261	0.691184293005426
0.644813500158238	0.692003149900713
0.636977727580365	0.665182958752956
0.688486032692557	0.679191714948696
0.695321082821648	0.772529559734778
0.584043386371518	0.624821492466342
0.675154560995020	0.691993810317957
0.832182332901807	0.937644884358242
0.661846636109684	0.745910079267468
0.813642038884906	0.602378459193416
0.820164824561204	0.722467319705227
0.687967775511976	0.572941639560876
0.516830449695941	0.754977543835523
0.768502224859349	0.636508404918021
0.619221767962217	0.572164719651035
0.609236885129204	0.677761220995321
0.795381051410377	0.760989238965813
0.821085575218527	0.855693603393418
0.783649989324025	0.599574605821052
0.834974339988991	0.720062395844319
0.692207608530901	0.860232441558252
0.591361813516302	0.660566739261549
0.730400828890490	0.644997886488358
0.688141274581706	0.678284480057028
0.665626465690203	0.651432163764189
0.531445051142700	0.637284718132204
0.906029298344222	0.545221247034789
0.631370870634283	0.882304640359324
0.816063305060424	0.701116647470596
0.597484408356986	0.636586716024505
0.686681270577972	0.753888887553843
0.734012331497280	0.722942000899371
0.783567470316729	0.826479553793395
0.691584451306030	0.745775956621106
0.581375104816404	0.634721434647116
0.762971630797697	0.829189221034526
0.752359713886951	0.568651760247306
0.616365013307862	0.645587993580677
0.649494405380186	0.686008607742784
0.606589495614141	0.727333259208178
0.856099644902039	0.533682131176475
0.800475916161958	0.491633882419054
0.631153420656436	0.769619819950533
0.818402470048092	0.861855288878761
0.919690779056655	0.926586565907079
0.704581706030825	0.665627496284215
0.702180030224737	0.786391900147683
0.580646805201689	0.614045164085970
0.788402752391921	0.853765455704513
0.840832925045825	0.602610198552120
0.624058505693788	0.636209636900479
0.729065314405819	0.540058059082756
0.705460132677707	0.893326687196985
0.743456052789407	0.459781033851742
0.512462124335990	0.824093965712939
0.729225676796920	0.768387023080825
0.780790102657426	0.781141464715732
0.679626988251514	0.719879971706641
0.819295308286739	0.632524762232501
0.739136836966587	0.721650025427077
0.707185688767168	0.667671510300791
0.770186438545955	0.522825927034002
0.685788213317249	0.825777910547364
0.723212069153075	0.710012578452948
0.838875782914729	0.482637853815529
0.868304046373365	0.656594287426493
0.658199528239174	0.654908815917523
0.711536275419023	0.703106628961632
0.621421184118238	0.644710711058179
0.574294410503857	0.746080361557201
0.683454872906674	0.727580143323694
0.852223985544325	0.611614533848560
0.779215368329624	0.855916493864556
0.713335800778044	0.660821581481060
0.616021222537491	0.652043214257223
0.625979638765300	0.661357993207802
0.675641725973679	0.653479166991783
0.612260468612700	0.644444832009447
0.766226806641826	0.928257612962092
0.895330351258724	0.635323193323889
0.557517003448436	0.613363987941896
0.813181479404031	0.733235777511132
0.679213856864576	0.679866477426989
0.758140183144849	0.738178569875726
0.583190098799250	0.850067221393305
0.729607597417980	0.799680900523086
0.693362748095356	0.873960582149416
0.889962606275566	0.795830995869084
0.747852835663427	0.626276709771284
0.608934244499494	0.619903969710639
0.653587839479239	0.624175406316958
0.706126771203003	0.735614908484565
0.562669936006282	0.799360607931790
0.682751100679342	0.665820019039227
0.878392414486733	0.910998295976333
0.707704745823017	0.721580337813446
0.797820973061478	0.641853668664867
0.596897896380573	0.731517151717628
0.634776330421843	0.785690836292572
0.554892475765003	0.709809835159392
0.803055799815892	0.860095900375692
0.671884193298126	0.642597780734738
0.861287199528584	0.714549496261693
0.695248465765457	0.718021376463965
0.743786347763654	0.727876093230913
0.726697407136719	0.808899202423244
0.575401408071649	0.832278943360808
0.695543475220525	0.704323752311973
0.723998685781429	0.794630245474423
0.558456459208326	0.639997797547361
0.667074471369512	0.675291405321293
0.847541864640055	0.512875861020172
0.584962050566655	0.777424569281217
0.585588554549957	0.794047605683235
0.853619785835240	0.761912726337961
0.576215792942331	0.825939426489147
0.734717291274152	0.644070330422900
0.556683760400409	0.930104354662816
0.753434709548191	0.728274945174842
0.542877049372672	0.854813885307033
0.730951746032828	0.560508710336056
0.687919180978204	0.773345022520903
0.693092464865970	0.739937340918531
0.716409072086399	0.700540836949950
0.754867729860782	0.585304186090090
0.662805081898939	0.581890737690034
0.775146836173651	0.637759300363614
0.760690051092699	0.790242242803300
0.608440728732325	0.544974249491295
0.735851737571728	0.709956413481764
0.509934075811348	0.677310733496823
0.789629759455349	0.693063926638466
0.695598395922958	0.859857647246421
0.490419856640400	0.736494098158674
0.675198743969189	0.980582696415090
0.727976039039510	0.750889918226356
0.855195950389534	0.773819081909971
0.714003276148756	0.542359809732395
0.657060828927946	0.566942052899986
0.688542128775295	0.601444158580833
0.915561700941032	0.617734214614501
0.778428659606829	0.938872782924713
0.717290126553248	0.858181756378204
0.917214797530817	0.622479698847193
0.717328549821966	0.597047620587532
0.665317556457250	0.773761397942217
0.537100070467621	0.654741856891222
0.920322366020184	0.763676837041679
0.614266016818190	0.890725783772208
0.742600715027370	0.825998834559391
0.614890890971427	0.815322410593018
0.519383873677041	0.671962783265518
0.703152913166565	0.793676992977735
0.760015768829173	0.467641521312113
0.511260965036424	0.770820874623559
0.717079222007898	0.652264469229426
0.610531737775089	0.632115565339307
0.774022799083473	0.682944052154789
0.708551567317082	0.730663157768277
0.644543372596590	0.660098669280884
0.825724989580154	0.759093293839200
0.739543150363949	0.710333922325871
0.561206832400316	0.708125101854589
0.714407084811594	0.631943383683727
0.611167928594667	0.528366325331009
0.695785577643705	0.648313701915147
0.761623132350773	0.540542609598706
0.853881459676851	0.721941032851415
0.521119097118796	0.800333194260814
0.639522983479970	0.608841045775325
0.850360865608567	0.526790351074033
0.641431760758948	0.676176137735953
0.684491836932118	0.614506691831478
0.690683662548290	0.702678269917267
0.796656054939633	0.771749843534014
0.517615598276040	0.680039218178180
0.839424879656344	0.741327783769107
0.687616035919921	0.604083168364452
0.655165581510697	0.666425223096772
0.783372205775364	0.687792955682907
0.737790885776285	0.609323928203728
0.621205533275427	0.604395277001196
0.813138057472327	0.819424435538947
0.635354367208484	0.609665756742558
0.604729170116934	0.655416327045364
0.909140922948398	0.769581664271190
0.781845059818903	0.663570877063892
0.685547807570339	0.664773496948728
0.736670893434545	0.589532954680027
0.681178174318265	0.696068370627646
0.728190986330975	0.817304388637693
0.736057715276559	0.540434244902919
0.615071531462868	0.698218369411026
0.632050203647118	0.864080325232465
0.653694288160549	0.578089883659141
0.738059522193263	0.721326059392146
0.598668242197962	0.809612450290563
0.804251422228876	0.708849810909006
0.611698732159488	0.627883581345032
0.603767601718454	0.674277463845891
0.548401772156821	0.647611208255364
0.821268400777113	0.798356299905728
0.839296426127533	0.573357035988090
0.698392517273285	0.581047321458241
0.497840151618353	0.923568492081159
0.732416698075889	0.689289675365244
0.740733824728117	0.576036090417774
0.809462904487480	0.724868066894288
0.692171893016129	0.741140116679041
0.685882698173238	0.628633033602754
0.604380648064415	0.698564519286788
0.569385795414022	0.822811425464027
0.917304937834083	0.689889847467617
0.849918891668899	0.713643650352421
0.702752572472870	0.765427908947148
0.698537428985117	0.662472798854459
0.846317369147306	0.786254004056190
0.777843319064656	0.578564413677117
0.798061613826582	0.874849890192689
0.687965521223319	0.597126882341271
0.620649860318682	0.777760178739841
0.703026393387934	0.659688575559683
0.461214400048329	0.685369395873202
0.774369483831064	0.683386906826836
0.634148453684261	0.691915010050330
0.719677164843357	0.661832476968856
0.672057354955560	0.802725333264065
0.676697681163199	0.646862568319980
0.586119786821176	0.751919238145030
0.727911566286301	0.714413917702997
0.625728502251942	0.744234223653193
0.854564109722504	0.799696019020783
0.878565424996538	0.694822757584843
0.599315726618757	0.675561608832537
0.733077831545511	0.920582850021452
0.692854616645577	0.564948295511131
0.572822989156742	0.814394831088815
0.563311715619153	0.723777652940150
0.947731483536520	0.881096614336142
0.767832748330005	0.600424023296709
0.582850654601576	0.607646146158965
0.809274727990910	0.655218616558331
0.617216780858067	0.714665209595676
0.653877574826999	0.801620501201793
0.721800951755188	0.809143153289951
0.782831746573729	0.725732006402190
0.702705599299754	0.717023555229916
0.737924099518965	0.758284307474363
0.606786124751330	0.502611107124906
0.897313178829023	0.719458898924845
0.667513787957203	0.711892402777695
0.788036976832497	0.849809988996175
0.594605432647302	0.724868973097881
0.654214000037663	0.760997173614527
0.601634110169659	0.669154138813766
0.706142436747989	0.654077920204434
0.570027939581948	0.761259798545846
0.758718925300171	0.840131058277080
0.694478384421678	0.664789231180830
0.754013026657257	0.702900657140935
0.613647120655719	0.752461769584004
0.879982958066648	0.608056616623394
0.616332123451970	0.736156469495724
0.728414308611210	0.879402103376772
0.663765746648206	0.859021786257747
0.751563070300577	0.836633502808682
0.449350240285062	0.721639975899155
0.786808611177857	0.594144411065305
0.704698598624424	0.526005577648249
0.626185235730273	0.666671074718816
0.626567167266243	0.637956445332361
0.760517855616907	0.667414647902038
0.608401176663011	0.759518001915161
0.699778394541885	0.602918277777408
0.653482185431383	0.604869308386247
0.802930754388430	0.757616070389560
0.710553506653712	0.670748920191401
0.779405832313760	0.621307379185014
0.681580832247786	0.832506908230340
0.821439861391462	0.708608047173019
0.530649293019190	0.618656982845149
0.582754657705268	0.540263736859971
0.667598273447467	0.761107765377677
0.764890536941499	0.782299083098342
0.886774341172402	0.604413067080024
0.520708105872840	0.648046672468237
0.660220910138562	0.571897555192815
0.686450954450273	0.663673376718171
0.665883137070759	0.681113727162253
0.675572872179294	0.709036579062847
0.661096674113896	0.746619970921178
0.631532658108092	0.834578817580056
0.763457210853641	0.784719168607065
0.629017135481333	0.757861544016006
0.712998121381203	0.696746216364253
0.671141553211807	0.759489610434367
0.520583319852047	0.636954348343327
0.810025772965901	0.736291230828910
0.550626408277074	0.587096455297793
0.700562685007958	0.726832733376369
0.768943274079938	0.675082746562027
0.687223523321225	0.657283379145066
0.613231310973825	0.779031688641537
0.515995779007067	0.726248020964510
0.749622384960853	0.624491478529348
0.663164739094379	0.655270691815783
0.587706935907347	0.618431382908341
0.850664826294084	0.620329341580072
0.742416090463054	0.887580594341978
0.638890123406771	0.719950122204999
0.586099099156954	0.715089218730784
0.716242715348257	0.658488160821975
0.797091259948010	0.707266611566563
0.692208828495077	0.635055739554674
0.682456370805936	0.782916399993428
0.750497312097869	0.656912072016791
0.654586283292637	0.713416458870359
0.670487417664213	0.654900927781702
0.723169180099521	0.765467051257069
0.752773087837909	0.599955585505428
0.892113718562171	0.808466843597224
0.652776308651044	0.702640259508312
0.744187612141260	0.597761759295306
0.666949320243257	0.608448807309710
0.609749992591963	0.580712647123358
0.795766223070247	0.661462857990519
0.687647116855436	0.835685506584115
0.846264668851513	0.708705319851694
0.720592715444951	0.737373224434657
0.872881056588577	0.733905610333630
0.742976498612747	0.841844176380878
0.629903919756976	0.698318984435849
0.702058829869806	0.619404291761254
0.877816484380582	0.733923933462036
0.802745484955895	0.663552064206310
0.637861832294028	0.593451853432376
0.817456673151156	0.660314575261199
0.712736974138737	0.753867421737970
0.774961298093057	0.800612762586600
0.590808541556330	0.653935604474349
0.675139845209708	0.701254755755329
0.639637939384851	0.699002989761808
0.876569146306767	0.631632216269297
0.820468956194665	0.656192169102362
0.760523037526483	0.699756227168830
0.691903958321151	0.772139732665995
0.701377322071372	0.614231557391695
0.793410864657013	0.815184429063783
0.869171212031737	0.799429740442525
0.612263419510199	0.737992195489348
0.604399383962850	0.759457519138320
0.427327093867385	0.680319584619527
0.807414049861387	0.731382015711459
0.714138696684335	0.602425962540600
0.819333205730058	0.611655542149519
0.718340869119816	0.924568151480944
0.633676314374353	0.730166984943495
0.705321706908017	0.722545699084006
0.753558819643317	0.540400985564114
0.721051219548649	0.615619100204736
0.602185253793624	0.807791235769266
0.790887787080684	0.750957632252590
0.787355589206505	0.724158198405129
0.844802990502308	0.601798446506508
0.643119664446635	0.679927860044847
0.741655354872470	0.901796978418404
0.497802916113421	0.689365671929380
0.670395851288369	0.584546340632703
0.719003698260224	0.667466887746035
0.747199219737065	0.716783089060795
0.789150567348605	0.663645315368050
0.713257476647801	0.674000210271075
0.542780869752429	0.457334460344234
0.697112676583915	0.739763924368412
0.607964933402825	0.810577614461251
0.706915884765146	0.668004044253265
0.645034461775034	0.798183904801177
0.690346581317040	0.669063252161695
0.648435890306636	0.630939444343691
0.623898344104898	0.744944885619375
0.681622361577954	0.838576030334347
0.622608305824088	0.599514117170530
0.619841774145266	0.728469847452531
0.657002579885508	0.839331990604695
0.697707218266826	0.671953557179019
0.511093820568978	0.624012333288090
0.725518815313558	0.667986824557888
0.605264729730003	0.860018498653421
0.684649366809427	0.740897960987498
0.771601930563925	0.670357015810895
0.585296362123856	0.747686270267101
0.841412264295578	0.680127604607110
0.487778625527501	0.591034591056352
0.782930144659542	0.747377282521239
0.722328959005412	0.674572732791247
0.863803739666061	0.535266304618478
0.673274022391517	0.619544337413490
0.803482458299660	0.577839091324441
0.834379103497395	0.724656043016635
0.670773243097502	0.644744768348883
0.935441191761361	0.656611007630450
0.785670482135840	0.586879499133916
0.796076416669414	0.751625194538939
0.684132363536454	0.651798958680753
0.583796053139701	0.744828788366835
0.787758935654324	0.570280195093337
0.718952466256291	0.646073505927496
0.778219449536922	0.606803774161643
0.779515032615388	0.810548819920931
0.602949257830074	0.750052102555604
0.721526967824295	0.744540024372575
0.683041544439758	0.689887945310489
0.647900774361984	0.658048863083546
0.660739521549519	0.740655414863705
0.565971300627632	0.681312970368664
0.788622972524407	0.592998228103074
0.580064117162223	0.872117735901680
0.647685046293541	0.515006221800768
0.753331331335141	0.831214220831096
0.824738000070256	0.874195915346346
0.830767201140110	0.732358199718027
0.827678860144338	0.750635862707985
0.743732108320842	0.714853324749215
0.707838799539010	0.655413012764252
0.651524876779703	0.762828968834494
0.682065679468358	0.633693323587604
0.481319891186972	0.822044151289249
0.755258730896445	0.675182361300108
0.779819631911568	0.748600791549013
0.697426061115522	0.583537102618045
0.486885299523585	0.895805285292604
0.574356753661492	0.642170285632032
0.764209157022556	0.861968669900228
0.736980781306641	0.464194545139090
0.725309829886306	0.583286723672765
0.640577437679096	0.803836137305195
0.660193771395188	0.763843515245174
0.657578498192478	0.669281952958011
0.640839468952556	0.382466942246324
0.704417416546406	0.606615834184548
0.800371440022003	0.760150671510251
0.748881089276393	0.779276688489311
0.750720861348309	0.767847583310385
0.782918718235590	0.760743667135263
0.581771953006652	0.688249194368569
0.641682366356308	0.637988694703609
0.877818942193885	0.654002275937712
0.825727181011972	0.866877875106661
0.859444961399043	0.821031442671236
0.676507789881723	0.640681391600574
0.857339052821067	0.870021931610825
0.915101320577148	0.708043912542220
0.792793793072450	0.627832693273848
0.767233827800327	0.879437021117188
0.641272943543138	0.776970343199652
0.582594113680642	0.674922461443325
0.905453593163078	0.791423415198167
0.507064251849686	0.785324750725278
0.716732710007794	0.823141684319127
0.549621266305182	0.798983553056687
0.607615208722336	0.703610478646563
0.676484524648650	0.703988800939910
0.760184964702668	0.865842599039600
0.955456197500042	0.741002538914601
0.741476727563001	0.597138819826148
0.726251750094538	0.726657128595460
0.826733095893813	0.707717156330835
0.659603420500732	0.645394813536633
0.693637317427695	0.630975242530015
0.687448453162111	0.732256578524231
0.595047641150719	0.683817073667740
0.673287048546835	0.751450372467414
