0.154762 0.186508 0.150794 
0.186508 0.150794 0.353175 
0.150794 0.353175 0.337302 
0.353175 0.337302 0.123016 
0.337302 0.123016 0.174603 
0.123016 0.174603 0.150794 
0.174603 0.150794 0.218254 
0.150794 0.218254 0.178571 
0.218254 0.178571 0.257937 
0.178571 0.257937 0.123016 
0.257937 0.123016 0.138889 
0.123016 0.138889 0.083333 
0.138889 0.083333 0.134921 
0.083333 0.134921 0.087302 
0.134921 0.087302 0.146825 
0.087302 0.146825 0.226190 
0.146825 0.226190 0.214286 
0.226190 0.214286 0.210317 
0.214286 0.210317 0.099206 
0.210317 0.099206 0.119048 
0.099206 0.119048 0.079365 
0.119048 0.079365 0.027778 
0.079365 0.027778 0.083333 
0.027778 0.083333 0.043651 
0.083333 0.043651 0.051587 
0.043651 0.051587 0.039683 
0.051587 0.039683 0.099206 
0.039683 0.099206 0.146825 
0.099206 0.146825 0.011905 
0.146825 0.011905 0.015873 
0.011905 0.015873 0.007937 
0.015873 0.007937 0.031746 
0.007937 0.031746 0.023810 
0.031746 0.023810 0.059524 
0.023810 0.059524 0.031746 
0.059524 0.031746 0.003968 
0.031746 0.003968 0.007937 
0.003968 0.007937 0.011905 
0.007937 0.011905 0.011905 
0.011905 0.011905 0.003968 
0.011905 0.003968 0.011905 
0.003968 0.011905 0.003968 
0.011905 0.003968 0.003968 
0.003968 0.003968 0.003968 
0.003968 0.003968 0.011905 
0.003968 0.011905 0.011905 
0.011905 0.011905 0.011905 
0.011905 0.011905 0.011905 
0.011905 0.011905 0.007937 
0.011905 0.007937 0.007937 
0.007937 0.007937 0.031746 
0.007937 0.031746 0.011905 
0.031746 0.011905 0.000000 
0.011905 0.000000 0.019841 
0.000000 0.019841 0.003968 
0.019841 0.003968 0.003968 
0.003968 0.003968 0.003968 
0.003968 0.003968 0.003968 
0.003968 0.003968 0.003968 
0.003968 0.003968 0.003968 
0.003968 0.003968 0.000000 
0.003968 0.000000 0.000000 
0.000000 0.000000 0.000000 
0.000000 0.000000 0.007937 
0.000000 0.007937 0.007937 
0.007937 0.007937 0.007937 
0.007937 0.007937 0.003968 
0.007937 0.003968 0.003968 
0.003968 0.003968 0.007937 
0.003968 0.007937 0.063492 
0.007937 0.063492 0.015873 
0.063492 0.015873 0.039683 
0.015873 0.039683 0.015873 
0.039683 0.015873 0.023810 
0.015873 0.023810 0.043651 
0.023810 0.043651 0.027778 
0.043651 0.027778 0.059524 
0.027778 0.059524 0.083333 
0.059524 0.083333 0.087302 
0.083333 0.087302 0.162698 
0.087302 0.162698 0.146825 
0.162698 0.146825 0.158730 
0.146825 0.158730 0.126984 
0.158730 0.126984 0.265873 
0.126984 0.265873 0.277778 
0.265873 0.277778 0.269841 
0.277778 0.269841 0.190476 
0.269841 0.190476 0.206349 
0.190476 0.206349 0.162698 
0.206349 0.162698 0.130952 
0.162698 0.130952 0.174603 
0.130952 0.174603 0.214286 
0.174603 0.214286 0.261905 
0.214286 0.261905 0.277778 
0.261905 0.277778 0.289683 
0.277778 0.289683 0.261905 
0.289683 0.261905 0.206349 
0.261905 0.206349 0.134921 
0.206349 0.134921 0.174603 
0.134921 0.174603 0.194444 
0.174603 0.194444 0.253968 
0.194444 0.253968 0.206349 
0.253968 0.206349 0.289683 
0.206349 0.289683 0.277778 
0.289683 0.277778 0.369048 
0.277778 0.369048 0.289683 
0.369048 0.289683 0.448413 
0.289683 0.448413 0.448413 
0.448413 0.448413 0.468254 
0.448413 0.468254 0.607143 
0.468254 0.607143 0.507937 
0.607143 0.507937 0.281746 
0.507937 0.281746 0.376984 
0.281746 0.376984 0.507937 
0.376984 0.507937 0.376984 
0.507937 0.376984 0.253968 
0.376984 0.253968 0.281746 
0.253968 0.281746 0.313492 
0.281746 0.313492 0.297619 
0.313492 0.297619 0.230159 
0.297619 0.230159 0.420635 
0.230159 0.420635 0.396825 
0.420635 0.396825 0.309524 
0.396825 0.309524 0.333333 
0.309524 0.333333 0.325397 
0.333333 0.325397 0.230159 
0.325397 0.230159 0.186508 
0.230159 0.186508 0.309524 
0.186508 0.309524 0.257937 
0.309524 0.257937 0.198413 
0.257937 0.198413 0.345238 
0.198413 0.345238 0.436508 
0.345238 0.436508 0.250000 
0.436508 0.250000 0.269841 
0.250000 0.269841 0.210317 
0.269841 0.210317 0.202381 
0.210317 0.202381 0.162698 
0.202381 0.162698 0.130952 
0.162698 0.130952 0.198413 
0.130952 0.198413 0.206349 
0.198413 0.206349 0.273810 
0.206349 0.273810 0.051587 
0.273810 0.051587 0.126984 
0.051587 0.126984 0.146825 
0.126984 0.146825 0.103175 
0.146825 0.103175 0.071429 
0.103175 0.071429 0.138889 
0.071429 0.138889 0.190476 
0.138889 0.190476 0.103175 
0.190476 0.103175 0.111111 
0.103175 0.111111 0.119048 
0.111111 0.119048 0.107143 
0.119048 0.107143 0.099206 
0.107143 0.099206 0.123016 
0.099206 0.123016 0.083333 
0.123016 0.083333 0.126984 
0.083333 0.126984 0.158730 
0.126984 0.158730 0.083333 
0.158730 0.083333 0.063492 
0.083333 0.063492 0.067460 
0.063492 0.067460 0.063492 
0.067460 0.063492 0.075397 
0.063492 0.075397 0.039683 
0.075397 0.039683 0.099206 
0.039683 0.099206 0.210317 
0.099206 0.210317 0.039683 
0.210317 0.039683 0.027778 
0.039683 0.027778 0.015873 
0.027778 0.015873 0.035714 
0.015873 0.035714 0.019841 
0.035714 0.019841 0.011905 
0.019841 0.011905 0.019841 
0.011905 0.019841 0.023810 
0.019841 0.023810 0.063492 
0.023810 0.063492 0.011905 
0.063492 0.011905 0.000000 
0.011905 0.000000 0.007937 
0.000000 0.007937 0.019841 
0.007937 0.019841 0.007937 
0.019841 0.007937 0.031746 
0.007937 0.031746 0.007937 
0.031746 0.007937 0.007937 
0.007937 0.007937 0.047619 
0.007937 0.047619 0.039683 
0.047619 0.039683 0.035714 
0.039683 0.035714 0.003968 
0.035714 0.003968 0.003968 
0.003968 0.003968 0.015873 
0.003968 0.015873 0.000000 
0.015873 0.000000 0.039683 
0.000000 0.039683 0.075397 
0.039683 0.075397 0.091270 
0.075397 0.091270 0.107143 
0.091270 0.107143 0.071429 
0.107143 0.071429 0.095238 
0.071429 0.095238 0.095238 
0.095238 0.095238 0.083333 
0.095238 0.083333 0.059524 
0.083333 0.059524 0.015873 
0.059524 0.015873 0.087302 
0.015873 0.087302 0.067460 
0.087302 0.067460 0.119048 
0.067460 0.119048 0.162698 
0.119048 0.162698 0.182540 
0.162698 0.182540 0.146825 
0.182540 0.146825 0.142857 
0.146825 0.142857 0.234127 
0.142857 0.234127 0.269841 
0.234127 0.269841 0.226190 
0.269841 0.226190 0.384921 
0.226190 0.384921 0.277778 
0.384921 0.277778 0.269841 
0.277778 0.269841 0.242063 
0.269841 0.242063 0.146825 
0.242063 0.146825 0.250000 
0.146825 0.250000 0.285714 
0.250000 0.285714 0.202381 
0.285714 0.202381 0.238095 
0.202381 0.238095 0.234127 
0.238095 0.234127 0.277778 
0.234127 0.277778 0.234127 
0.277778 0.234127 0.309524 
0.234127 0.309524 0.317460 
0.309524 0.317460 0.365079 
0.317460 0.365079 0.269841 
0.365079 0.269841 0.365079 
0.269841 0.365079 0.309524 
0.365079 0.309524 0.230159 
0.309524 0.230159 0.210317 
0.230159 0.210317 0.206349 
0.210317 0.206349 0.265873 
0.206349 0.265873 0.246032 
0.265873 0.246032 0.261905 
0.246032 0.261905 0.174603 
0.261905 0.174603 0.325397 
0.174603 0.325397 0.285714 
0.325397 0.285714 0.333333 
0.285714 0.333333 0.313492 
0.333333 0.313492 0.301587 
0.313492 0.301587 0.357143 
0.301587 0.357143 0.384921 
0.357143 0.384921 0.325397 
0.384921 0.325397 0.349206 
0.325397 0.349206 0.238095 
0.349206 0.238095 0.194444 
0.238095 0.194444 0.230159 
0.194444 0.230159 0.265873 
0.230159 0.265873 0.242063 
0.265873 0.242063 0.194444 
0.242063 0.194444 0.202381 
0.194444 0.202381 0.226190 
0.202381 0.226190 0.277778 
0.226190 0.277778 0.273810 
0.277778 0.273810 0.253968 
0.273810 0.253968 0.130952 
0.253968 0.130952 0.210317 
0.130952 0.210317 0.317460 
0.210317 0.317460 0.424603 
0.317460 0.424603 0.253968 
0.424603 0.253968 0.190476 
0.253968 0.190476 0.134921 
0.190476 0.134921 0.146825 
0.134921 0.146825 0.138889 
0.146825 0.138889 0.107143 
0.138889 0.107143 0.079365 
0.107143 0.079365 0.091270 
0.079365 0.091270 0.123016 
0.091270 0.123016 0.130952 
0.123016 0.130952 0.134921 
0.130952 0.134921 0.095238 
0.134921 0.095238 0.051587 
0.095238 0.051587 0.166667 
0.051587 0.166667 0.115079 
0.166667 0.115079 0.119048 
0.115079 0.119048 0.091270 
0.119048 0.091270 0.055556 
0.091270 0.055556 0.063492 
0.055556 0.063492 0.047619 
0.063492 0.047619 0.071429 
0.047619 0.071429 0.035714 
0.071429 0.035714 0.067460 
0.035714 0.067460 0.063492 
0.067460 0.063492 0.043651 
0.063492 0.043651 0.035714 
0.043651 0.035714 0.039683 
0.035714 0.039683 0.039683 
0.039683 0.039683 0.063492 
0.039683 0.063492 0.083333 
0.063492 0.083333 0.031746 
0.083333 0.031746 0.019841 
0.031746 0.019841 0.011905 
0.019841 0.011905 0.027778 
0.011905 0.027778 0.027778 
0.027778 0.027778 0.039683 
0.027778 0.039683 0.043651 
0.039683 0.043651 0.083333 
0.043651 0.083333 0.035714 
0.083333 0.035714 0.003968 
0.035714 0.003968 0.007937 
0.003968 0.007937 0.015873 
