0.305556 0.349206 0.321429 
0.349206 0.321429 0.170635 
0.321429 0.170635 0.238095 
0.170635 0.238095 0.273810 
0.238095 0.273810 0.150794 
0.273810 0.150794 0.238095 
0.150794 0.238095 0.337302 
0.238095 0.337302 0.277778 
0.337302 0.277778 0.210317 
0.277778 0.210317 0.238095 
0.210317 0.238095 0.293651 
0.238095 0.293651 0.412698 
0.293651 0.412698 0.250000 
0.412698 0.250000 0.218254 
0.250000 0.218254 0.242063 
0.218254 0.242063 0.246032 
0.242063 0.246032 0.138889 
0.246032 0.138889 0.222222 
0.138889 0.222222 0.261905 
0.222222 0.261905 0.242063 
0.261905 0.242063 0.198413 
0.242063 0.198413 0.277778 
0.198413 0.277778 0.265873 
0.277778 0.265873 0.257937 
0.265873 0.257937 0.238095 
0.257937 0.238095 0.253968 
0.238095 0.253968 0.210317 
0.253968 0.210317 0.178571 
0.210317 0.178571 0.162698 
0.178571 0.162698 0.150794 
0.162698 0.150794 0.142857 
0.150794 0.142857 0.261905 
0.142857 0.261905 0.210317 
0.261905 0.210317 0.174603 
0.210317 0.174603 0.158730 
0.174603 0.158730 0.162698 
0.158730 0.162698 0.142857 
0.162698 0.142857 0.182540 
0.142857 0.182540 0.130952 
0.182540 0.130952 0.154762 
0.130952 0.154762 0.174603 
0.154762 0.174603 0.194444 
0.174603 0.194444 0.126984 
0.194444 0.126984 0.162698 
0.126984 0.162698 0.107143 
0.162698 0.107143 0.087302 
0.107143 0.087302 0.055556 
0.087302 0.055556 0.075397 
0.055556 0.075397 0.075397 
0.075397 0.075397 0.099206 
0.075397 0.099206 0.091270 
0.099206 0.091270 0.079365 
0.091270 0.079365 0.067460 
0.079365 0.067460 0.055556 
0.067460 0.055556 0.083333 
0.055556 0.083333 0.043651 
0.083333 0.043651 0.107143 
0.043651 0.107143 0.079365 
0.107143 0.079365 0.043651 
0.079365 0.043651 0.039683 
0.043651 0.039683 0.063492 
0.039683 0.063492 0.011905 
0.063492 0.011905 0.031746 
0.011905 0.031746 0.015873 
0.031746 0.015873 0.015873 
0.015873 0.015873 0.007937 
0.015873 0.007937 0.007937 
0.007937 0.007937 0.031746 
0.007937 0.031746 0.011905 
0.031746 0.011905 0.007937 
0.011905 0.007937 0.007937 
0.007937 0.007937 0.011905 
0.007937 0.011905 0.011905 
0.011905 0.011905 0.019841 
0.011905 0.019841 0.019841 
0.019841 0.019841 0.015873 
0.019841 0.015873 0.011905 
0.015873 0.011905 0.015873 
0.011905 0.015873 0.011905 
0.015873 0.011905 0.011905 
0.011905 0.011905 0.023810 
0.011905 0.023810 0.023810 
0.023810 0.023810 0.047619 
0.023810 0.047619 0.023810 
0.047619 0.023810 0.015873 
0.023810 0.015873 0.039683 
0.015873 0.039683 0.107143 
0.039683 0.107143 0.059524 
0.107143 0.059524 0.083333 
0.059524 0.083333 0.059524 
0.083333 0.059524 0.162698 
0.059524 0.162698 0.154762 
0.162698 0.154762 0.119048 
0.154762 0.119048 0.142857 
0.119048 0.142857 0.150794 
0.142857 0.150794 0.130952 
0.150794 0.130952 0.222222 
0.130952 0.222222 0.146825 
0.222222 0.146825 0.158730 
0.146825 0.158730 0.170635 
0.158730 0.170635 0.218254 
0.170635 0.218254 0.214286 
0.218254 0.214286 0.313492 
0.214286 0.313492 0.357143 
0.313492 0.357143 0.198413 
0.357143 0.198413 0.257937 
0.198413 0.257937 0.325397 
0.257937 0.325397 0.341270 
0.325397 0.341270 0.353175 
0.341270 0.353175 0.333333 
0.353175 0.333333 0.357143 
0.333333 0.357143 0.341270 
0.357143 0.341270 0.373016 
0.341270 0.373016 0.416667 
0.373016 0.416667 0.412698 
0.416667 0.412698 0.448413 
0.412698 0.448413 0.380952 
0.448413 0.380952 0.317460 
0.380952 0.317460 0.321429 
0.317460 0.321429 0.345238 
0.321429 0.345238 0.384921 
0.345238 0.384921 0.277778 
0.384921 0.277778 0.420635 
0.277778 0.420635 0.424603 
0.420635 0.424603 0.456349 
0.424603 0.456349 0.392857 
0.456349 0.392857 0.361111 
0.392857 0.361111 0.353175 
0.361111 0.353175 0.380952 
0.353175 0.380952 0.373016 
0.380952 0.373016 0.242063 
0.373016 0.242063 0.301587 
0.242063 0.301587 0.396825 
0.301587 0.396825 0.384921 
0.396825 0.384921 0.218254 
0.384921 0.218254 0.345238 
0.218254 0.345238 0.305556 
0.345238 0.305556 0.321429 
0.305556 0.321429 0.309524 
0.321429 0.309524 0.261905 
0.309524 0.261905 0.206349 
0.261905 0.206349 0.313492 
0.206349 0.313492 0.246032 
0.313492 0.246032 0.250000 
0.246032 0.250000 0.166667 
0.250000 0.166667 0.206349 
0.166667 0.206349 0.250000 
0.206349 0.250000 0.329365 
0.250000 0.329365 0.285714 
0.329365 0.285714 0.242063 
0.285714 0.242063 0.257937 
0.242063 0.257937 0.158730 
0.257937 0.158730 0.194444 
0.158730 0.194444 0.154762 
0.194444 0.154762 0.186508 
0.154762 0.186508 0.218254 
0.186508 0.218254 0.257937 
0.218254 0.257937 0.154762 
0.257937 0.154762 0.206349 
0.154762 0.206349 0.154762 
0.206349 0.154762 0.123016 
0.154762 0.123016 0.186508 
0.123016 0.186508 0.083333 
0.186508 0.083333 0.150794 
0.083333 0.150794 0.142857 
0.150794 0.142857 0.158730 
0.142857 0.158730 0.222222 
0.158730 0.222222 0.182540 
0.222222 0.182540 0.257937 
0.182540 0.257937 0.134921 
0.257937 0.134921 0.154762 
0.134921 0.154762 0.222222 
0.154762 0.222222 0.210317 
0.222222 0.210317 0.210317 
0.210317 0.210317 0.107143 
0.210317 0.107143 0.126984 
0.107143 0.126984 0.222222 
0.126984 0.222222 0.107143 
0.222222 0.107143 0.186508 
0.107143 0.186508 0.150794 
0.186508 0.150794 0.150794 
0.150794 0.150794 0.111111 
0.150794 0.111111 0.130952 
0.111111 0.130952 0.126984 
0.130952 0.126984 0.099206 
0.126984 0.099206 0.142857 
0.099206 0.142857 0.079365 
0.142857 0.079365 0.063492 
0.079365 0.063492 0.091270 
0.063492 0.091270 0.043651 
0.091270 0.043651 0.119048 
0.043651 0.119048 0.146825 
0.119048 0.146825 0.091270 
0.146825 0.091270 0.063492 
0.091270 0.063492 0.043651 
0.063492 0.043651 0.059524 
0.043651 0.059524 0.031746 
0.059524 0.031746 0.043651 
0.031746 0.043651 0.023810 
0.043651 0.023810 0.051587 
0.023810 0.051587 0.031746 
0.051587 0.031746 0.000000 
0.031746 0.000000 0.000000 
0.000000 0.000000 0.000000 
0.000000 0.000000 0.031746 
0.000000 0.031746 0.015873 
0.031746 0.015873 0.003968 
0.015873 0.003968 0.000000 
0.003968 0.000000 0.015873 
0.000000 0.015873 0.011905 
0.015873 0.011905 0.031746 
0.011905 0.031746 0.047619 
0.031746 0.047619 0.031746 
0.047619 0.031746 0.095238 
0.031746 0.095238 0.055556 
0.095238 0.055556 0.055556 
0.055556 0.055556 0.099206 
0.055556 0.099206 0.138889 
0.099206 0.138889 0.099206 
0.138889 0.099206 0.119048 
0.099206 0.119048 0.111111 
0.119048 0.111111 0.130952 
0.111111 0.130952 0.182540 
0.130952 0.182540 0.238095 
0.182540 0.238095 0.230159 
0.238095 0.230159 0.261905 
0.230159 0.261905 0.234127 
0.261905 0.234127 0.230159 
0.234127 0.230159 0.202381 
0.230159 0.202381 0.158730 
0.202381 0.158730 0.404762 
0.158730 0.404762 0.424603 
0.404762 0.424603 0.230159 
0.424603 0.230159 0.309524 
0.230159 0.309524 0.313492 
0.309524 0.313492 0.230159 
0.313492 0.230159 0.305556 
0.230159 0.305556 0.408730 
0.305556 0.408730 0.301587 
0.408730 0.301587 0.448413 
0.301587 0.448413 0.619048 
0.448413 0.619048 0.630952 
0.619048 0.630952 0.694444 
0.630952 0.694444 0.531746 
0.694444 0.531746 0.519841 
0.531746 0.519841 0.603175 
0.519841 0.603175 0.535714 
0.603175 0.535714 0.575397 
0.535714 0.575397 0.579365 
0.575397 0.579365 0.511905 
0.579365 0.511905 0.345238 
0.511905 0.345238 0.492063 
0.345238 0.492063 0.563492 
0.492063 0.563492 0.638889 
0.563492 0.638889 0.571429 
0.638889 0.571429 0.357143 
0.571429 0.357143 0.404762 
0.357143 0.404762 0.432540 
0.404762 0.432540 0.313492 
0.432540 0.313492 0.349206 
0.313492 0.349206 0.412698 
0.349206 0.412698 0.353175 
0.412698 0.353175 0.309524 
0.353175 0.309524 0.472222 
0.309524 0.472222 0.345238 
0.472222 0.345238 0.400794 
0.345238 0.400794 0.420635 
0.400794 0.420635 0.428571 
0.420635 0.428571 0.412698 
0.428571 0.412698 0.361111 
0.412698 0.361111 0.448413 
0.361111 0.448413 0.400794 
0.448413 0.400794 0.440476 
0.400794 0.440476 0.325397 
0.440476 0.325397 0.337302 
0.325397 0.337302 0.420635 
0.337302 0.420635 0.384921 
0.420635 0.384921 0.297619 
0.384921 0.297619 0.182540 
0.297619 0.182540 0.170635 
0.182540 0.170635 0.257937 
0.170635 0.257937 0.265873 
0.257937 0.265873 0.182540 
0.265873 0.182540 0.182540 
0.182540 0.182540 0.214286 
0.182540 0.214286 0.190476 
0.214286 0.190476 0.234127 
0.190476 0.234127 0.250000 
0.234127 0.250000 0.178571 
0.250000 0.178571 0.123016 
0.178571 0.123016 0.170635 
0.123016 0.170635 0.146825 
0.170635 0.146825 0.261905 
0.146825 0.261905 0.238095 
0.261905 0.238095 0.107143 
0.238095 0.107143 0.130952 
0.107143 0.130952 0.107143 
0.130952 0.107143 0.111111 
0.107143 0.111111 0.051587 
0.111111 0.051587 0.079365 
0.051587 0.079365 0.126984 
0.079365 0.126984 0.111111 
0.126984 0.111111 0.039683 
0.111111 0.039683 0.087302 
0.039683 0.087302 0.043651 
0.087302 0.043651 0.051587 
0.043651 0.051587 0.003968 
0.051587 0.003968 0.043651 
0.003968 0.043651 0.063492 
0.043651 0.063492 0.031746 
0.063492 0.031746 0.051587 
0.031746 0.051587 0.055556 
0.051587 0.055556 0.115079 
0.055556 0.115079 0.003968 
0.115079 0.003968 0.015873 
0.003968 0.015873 0.000000 
0.015873 0.000000 0.055556 
0.000000 0.055556 0.027778 
0.055556 0.027778 0.031746 
0.027778 0.031746 0.051587 
0.031746 0.051587 0.031746 
0.051587 0.031746 0.027778 
0.031746 0.027778 0.091270 
0.027778 0.091270 0.027778 
0.091270 0.027778 0.039683 
0.027778 0.039683 0.055556 
0.039683 0.055556 0.079365 
0.055556 0.079365 0.051587 
0.079365 0.051587 0.019841 
0.051587 0.019841 0.019841 
0.019841 0.019841 0.059524 
0.019841 0.059524 0.019841 
0.059524 0.019841 0.051587 
0.019841 0.051587 0.003968 
0.051587 0.003968 0.007937 
0.003968 0.007937 0.019841 
0.007937 0.019841 0.023810 
0.019841 0.023810 0.023810 
0.023810 0.023810 0.015873 
0.023810 0.015873 0.019841 
0.015873 0.019841 0.019841 
0.019841 0.019841 0.019841 
0.019841 0.019841 0.015873 
0.019841 0.015873 0.000000 
0.015873 0.000000 0.011905 
0.000000 0.011905 0.011905 
0.011905 0.011905 0.000000 
0.011905 0.000000 0.000000 
0.000000 0.000000 0.000000 
0.000000 0.000000 0.019841 
0.000000 0.019841 0.003968 
0.019841 0.003968 0.011905 
0.003968 0.011905 0.023810 
0.011905 0.023810 0.035714 
0.023810 0.035714 0.019841 
0.035714 0.019841 0.043651 
0.019841 0.043651 0.047619 
0.043651 0.047619 0.023810 
0.047619 0.023810 0.091270 
0.023810 0.091270 0.103175 
0.091270 0.103175 0.071429 
0.103175 0.071429 0.071429 
0.071429 0.071429 0.087302 
0.071429 0.087302 0.130952 
0.087302 0.130952 0.079365 
0.130952 0.079365 0.186508 
0.079365 0.186508 0.257937 
0.186508 0.257937 0.166667 
0.257937 0.166667 0.115079 
0.166667 0.115079 0.111111 
0.115079 0.111111 0.138889 
0.111111 0.138889 0.206349 
0.138889 0.206349 0.198413 
0.206349 0.198413 0.198413 
0.198413 0.198413 0.166667 
0.198413 0.166667 0.234127 
0.166667 0.234127 0.297619 
0.234127 0.297619 0.226190 
0.297619 0.226190 0.206349 
0.226190 0.206349 0.250000 
0.206349 0.250000 0.210317 
0.250000 0.210317 0.182540 
0.210317 0.182540 0.174603 
0.182540 0.174603 0.269841 
0.174603 0.269841 0.257937 
0.269841 0.257937 0.373016 
0.257937 0.373016 0.250000 
0.373016 0.250000 0.174603 
0.250000 0.174603 0.174603 
0.174603 0.174603 0.154762 
0.174603 0.154762 0.222222 
0.154762 0.222222 0.230159 
0.222222 0.230159 0.329365 
0.230159 0.329365 0.158730 
0.329365 0.158730 0.234127 
0.158730 0.234127 0.178571 
0.234127 0.178571 0.162698 
0.178571 0.162698 0.321429 
0.162698 0.321429 0.119048 
0.321429 0.119048 0.297619 
0.119048 0.297619 0.313492 
0.297619 0.313492 0.178571 
0.313492 0.178571 0.202381 
0.178571 0.202381 0.325397 
0.202381 0.325397 0.329365 
0.325397 0.329365 0.293651 
0.329365 0.293651 0.357143 
0.293651 0.357143 0.337302 
0.357143 0.337302 0.341270 
0.337302 0.341270 0.297619 
0.341270 0.297619 0.257937 
0.297619 0.257937 0.198413 
0.257937 0.198413 0.206349 
0.198413 0.206349 0.214286 
0.206349 0.214286 0.238095 
0.214286 0.238095 0.182540 
0.238095 0.182540 0.138889 
0.182540 0.138889 0.182540 
0.138889 0.182540 0.162698 
0.182540 0.162698 0.277778 
0.162698 0.277778 0.190476 
0.277778 0.190476 0.214286 
0.190476 0.214286 0.285714 
0.214286 0.285714 0.325397 
0.285714 0.325397 0.257937 
0.325397 0.257937 0.194444 
0.257937 0.194444 0.150794 
0.194444 0.150794 0.146825 
0.150794 0.146825 0.115079 
0.146825 0.115079 0.079365 
0.115079 0.079365 0.111111 
0.079365 0.111111 0.095238 
0.111111 0.095238 0.222222 
0.095238 0.222222 0.166667 
0.222222 0.166667 0.115079 
0.166667 0.115079 0.103175 
0.115079 0.103175 0.115079 
0.103175 0.115079 0.059524 
0.115079 0.059524 0.079365 
0.059524 0.079365 0.027778 
0.079365 0.027778 0.027778 
0.027778 0.027778 0.047619 
0.027778 0.047619 0.035714 
0.047619 0.035714 0.047619 
0.035714 0.047619 0.011905 
0.047619 0.011905 0.019841 
0.011905 0.019841 0.075397 
0.019841 0.075397 0.055556 
0.075397 0.055556 0.087302 
0.055556 0.087302 0.079365 
0.087302 0.079365 0.023810 
0.079365 0.023810 0.019841 
0.023810 0.019841 0.019841 
0.019841 0.019841 0.075397 
0.019841 0.075397 0.043651 
0.075397 0.043651 0.023810 
0.043651 0.023810 0.023810 
0.023810 0.023810 0.015873 
0.023810 0.015873 0.023810 
0.015873 0.023810 0.023810 
0.023810 0.023810 0.007937 
0.023810 0.007937 0.003968 
0.007937 0.003968 0.027778 
0.003968 0.027778 0.003968 
0.027778 0.003968 0.035714 
0.003968 0.035714 0.019841 
0.035714 0.019841 0.019841 
0.019841 0.019841 0.027778 
0.019841 0.027778 0.019841 
0.027778 0.019841 0.011905 
0.019841 0.011905 0.003968 
0.011905 0.003968 0.019841 
0.003968 0.019841 0.031746 
0.019841 0.031746 0.075397 
0.031746 0.075397 0.019841 
0.075397 0.019841 0.003968 
0.019841 0.003968 0.003968 
0.003968 0.003968 0.019841 
0.003968 0.019841 0.015873 
0.019841 0.015873 0.015873 
0.015873 0.015873 0.015873 
0.015873 0.015873 0.000000 
0.015873 0.000000 0.011905 
0.000000 0.011905 0.000000 
0.011905 0.000000 0.039683 
0.000000 0.039683 0.027778 
0.039683 0.027778 0.063492 
0.027778 0.063492 0.039683 
0.063492 0.039683 0.031746 
0.039683 0.031746 0.023810 
0.031746 0.023810 0.047619 
0.023810 0.047619 0.083333 
0.047619 0.083333 0.035714 
0.083333 0.035714 0.075397 
0.035714 0.075397 0.158730 
0.075397 0.158730 0.186508 
0.158730 0.186508 0.226190 
0.186508 0.226190 0.126984 
0.226190 0.126984 0.206349 
0.126984 0.206349 0.198413 
0.206349 0.198413 0.158730 
0.198413 0.158730 0.123016 
0.158730 0.123016 0.269841 
0.123016 0.269841 0.293651 
0.269841 0.293651 0.190476 
0.293651 0.190476 0.269841 
0.190476 0.269841 0.309524 
0.269841 0.309524 0.297619 
0.309524 0.297619 0.297619 
0.297619 0.297619 0.396825 
0.297619 0.396825 0.242063 
0.396825 0.242063 0.273810 
0.242063 0.273810 0.253968 
0.273810 0.253968 0.305556 
0.253968 0.305556 0.293651 
0.305556 0.293651 0.285714 
0.293651 0.285714 0.253968 
0.285714 0.253968 0.345238 
0.253968 0.345238 0.329365 
0.345238 0.329365 0.349206 
0.329365 0.349206 0.345238 
0.349206 0.345238 0.507937 
0.345238 0.507937 0.301587 
0.507937 0.301587 0.313492 
0.301587 0.313492 0.293651 
0.313492 0.293651 0.365079 
0.293651 0.365079 0.325397 
0.365079 0.325397 0.329365 
0.325397 0.329365 0.202381 
0.329365 0.202381 0.317460 
0.202381 0.317460 0.396825 
0.317460 0.396825 0.384921 
0.396825 0.384921 0.416667 
0.384921 0.416667 0.273810 
0.416667 0.273810 0.253968 
0.273810 0.253968 0.293651 
0.253968 0.293651 0.218254 
0.293651 0.218254 0.234127 
0.218254 0.234127 0.246032 
0.234127 0.246032 0.261905 
0.246032 0.261905 0.238095 
0.261905 0.238095 0.297619 
0.238095 0.297619 0.261905 
0.297619 0.261905 0.277778 
0.261905 0.277778 0.182540 
0.277778 0.182540 0.265873 
0.182540 0.265873 0.222222 
0.265873 0.222222 0.261905 
0.222222 0.261905 0.182540 
0.261905 0.182540 0.273810 
0.182540 0.273810 0.111111 
0.273810 0.111111 0.222222 
0.111111 0.222222 0.202381 
0.222222 0.202381 0.166667 
0.202381 0.166667 0.103175 
0.166667 0.103175 0.190476 
0.103175 0.190476 0.174603 
0.190476 0.174603 0.103175 
0.174603 0.103175 0.238095 
0.103175 0.238095 0.107143 
0.238095 0.107143 0.146825 
0.107143 0.146825 0.162698 
0.146825 0.162698 0.154762 
0.162698 0.154762 0.111111 
0.154762 0.111111 0.111111 
0.111111 0.111111 0.119048 
0.111111 0.119048 0.075397 
0.119048 0.075397 0.039683 
0.075397 0.039683 0.103175 
0.039683 0.103175 0.079365 
0.103175 0.079365 0.186508 
0.079365 0.186508 0.051587 
0.186508 0.051587 0.027778 
0.051587 0.027778 0.126984 
0.027778 0.126984 0.115079 
0.126984 0.115079 0.138889 
0.115079 0.138889 0.146825 
0.138889 0.146825 0.051587 
0.146825 0.051587 0.095238 
0.051587 0.095238 0.083333 
0.095238 0.083333 0.031746 
0.083333 0.031746 0.119048 
0.031746 0.119048 0.130952 
0.119048 0.130952 0.130952 
0.130952 0.130952 0.115079 
0.130952 0.115079 0.043651 
0.115079 0.043651 0.071429 
0.043651 0.071429 0.031746 
0.071429 0.031746 0.067460 
0.031746 0.067460 0.051587 
0.067460 0.051587 0.023810 
0.051587 0.023810 0.075397 
0.023810 0.075397 0.047619 
0.075397 0.047619 0.003968 
0.047619 0.003968 0.027778 
0.003968 0.027778 0.047619 
0.027778 0.047619 0.023810 
0.047619 0.023810 0.035714 
0.023810 0.035714 0.031746 
0.035714 0.031746 0.047619 
0.031746 0.047619 0.027778 
0.047619 0.027778 0.059524 
0.027778 0.059524 0.055556 
0.059524 0.055556 0.043651 
0.055556 0.043651 0.027778 
0.043651 0.027778 0.011905 
0.027778 0.011905 0.027778 
0.011905 0.027778 0.043651 
0.027778 0.043651 0.011905 
0.043651 0.011905 0.011905 
0.011905 0.011905 0.011905 
0.011905 0.011905 0.003968 
0.011905 0.003968 0.011905 
0.003968 0.011905 0.011905 
0.011905 0.011905 0.035714 
0.011905 0.035714 0.015873 
0.035714 0.015873 0.015873 
0.015873 0.015873 0.000000 
0.015873 0.000000 0.000000 
0.000000 0.000000 0.007937 
0.000000 0.007937 0.007937 
0.007937 0.007937 0.007937 
0.007937 0.007937 0.015873 
0.007937 0.015873 0.015873 
0.015873 0.015873 0.043651 
0.015873 0.043651 0.043651 
0.043651 0.043651 0.003968 
0.043651 0.003968 0.000000 
0.003968 0.000000 0.000000 
0.000000 0.000000 0.003968 
0.000000 0.003968 0.023810 
0.003968 0.023810 0.059524 
0.023810 0.059524 0.035714 
0.059524 0.035714 0.000000 
0.035714 0.000000 0.027778 
0.000000 0.027778 0.063492 
0.027778 0.063492 0.047619 
0.063492 0.047619 0.099206 
0.047619 0.099206 0.051587 
0.099206 0.051587 0.059524 
0.051587 0.059524 0.103175 
0.059524 0.103175 0.107143 
0.103175 0.107143 0.039683 
0.107143 0.039683 0.146825 
0.039683 0.146825 0.170635 
0.146825 0.170635 0.174603 
0.170635 0.174603 0.119048 
0.174603 0.119048 0.091270 
0.119048 0.091270 0.142857 
0.091270 0.142857 0.166667 
0.142857 0.166667 0.150794 
0.166667 0.150794 0.158730 
0.150794 0.158730 0.194444 
0.158730 0.194444 0.226190 
0.194444 0.226190 0.115079 
0.226190 0.115079 0.210317 
0.115079 0.210317 0.146825 
0.210317 0.146825 0.210317 
0.146825 0.210317 0.210317 
0.210317 0.210317 0.333333 
0.210317 0.333333 0.218254 
0.333333 0.218254 0.150794 
0.218254 0.150794 0.186508 
0.150794 0.186508 0.190476 
0.186508 0.190476 0.285714 
0.190476 0.285714 0.226190 
0.285714 0.226190 0.214286 
0.226190 0.214286 0.305556 
0.214286 0.305556 0.420635 
0.305556 0.420635 0.214286 
0.420635 0.214286 0.174603 
0.214286 0.174603 0.119048 
0.174603 0.119048 0.250000 
0.119048 0.250000 0.214286 
0.250000 0.214286 0.222222 
0.214286 0.222222 0.246032 
0.222222 0.246032 0.404762 
0.246032 0.404762 0.182540 
0.404762 0.182540 0.218254 
0.182540 0.218254 0.063492 
0.218254 0.063492 0.146825 
0.063492 0.146825 0.250000 
0.146825 0.250000 0.297619 
0.250000 0.297619 0.424603 
0.297619 0.424603 0.234127 
0.424603 0.234127 0.202381 
0.234127 0.202381 0.162698 
0.202381 0.162698 0.154762 
0.162698 0.154762 0.190476 
0.154762 0.190476 0.210317 
0.190476 0.210317 0.333333 
0.210317 0.333333 0.253968 
0.333333 0.253968 0.238095 
0.253968 0.238095 0.182540 
0.238095 0.182540 0.150794 
0.182540 0.150794 0.126984 
0.150794 0.126984 0.107143 
0.126984 0.107143 0.222222 
0.107143 0.222222 0.154762 
0.222222 0.154762 0.186508 
