0.515444 
0.512389 
0.510396 
0.509127 
0.508327 
0.507821 
0.507495 
0.507278 
0.507126 
0.507014 
0.506927 
0.506853 
0.506788 
0.506729 
0.506672 
0.506617 
0.506563 
0.506509 
0.506455 
0.506401 
0.506346 
0.506290 
0.506234 
0.506176 
0.506117 
0.506057 
0.505996 
0.505934 
0.505870 
0.505805 
0.505739 
0.505671 
0.505601 
0.505530 
0.505458 
0.505383 
0.505307 
0.505229 
0.505150 
0.505068 
0.504985 
0.504899 
0.504812 
0.504722 
0.504630 
0.504536 
0.504440 
0.504342 
0.504241 
0.504137 
0.504032 
0.503923 
0.503812 
0.503698 
0.503582 
0.503463 
0.503340 
0.503215 
0.503087 
0.502956 
0.502821 
0.502683 
0.502542 
0.502397 
0.502249 
0.502097 
0.501942 
0.501783 
0.501620 
0.501453 
0.501282 
0.501107 
0.500927 
0.500744 
0.500556 
0.500363 
0.500166 
0.499964 
0.499757 
0.499546 
0.499329 
0.499107 
0.498880 
0.498648 
0.498410 
0.498166 
0.497917 
0.497662 
0.497401 
0.497133 
0.496860 
0.496580 
0.496294 
0.496001 
0.495701 
0.495394 
0.495080 
0.494759 
0.494430 
0.494094 
0.493751 
0.493399 
0.493039 
0.492672 
0.492295 
0.491911 
0.491517 
0.491115 
0.490704 
0.490283 
0.489853 
0.489414 
0.488965 
0.488505 
0.488036 
0.487556 
0.487066 
0.486566 
0.486054 
0.485532 
0.484998 
0.484453 
0.483896 
0.483328 
0.482747 
0.482155 
0.481551 
0.480934 
0.480304 
0.479662 
0.479007 
0.478340 
0.477659 
0.476965 
0.476257 
0.475537 
0.474802 
0.474054 
0.473293 
0.472518 
0.471729 
0.470926 
0.470109 
0.469278 
0.468433 
0.467575 
0.466702 
0.465816 
0.464915 
0.464001 
0.463073 
0.462132 
0.461176 
0.460208 
0.459226 
0.458231 
0.457223 
0.456202 
0.455168 
0.454122 
0.453064 
0.451994 
0.450912 
0.449819 
0.448715 
0.447600 
0.446475 
0.445340 
0.444195 
0.443042 
0.441879 
0.440709 
0.439531 
0.438346 
0.437154 
0.435956 
0.434753 
0.433545 
0.432332 
0.431116 
0.429897 
0.428676 
0.427453 
0.426229 
0.425005 
0.423781 
0.422559 
0.421337 
0.420119 
0.418903 
0.417691 
0.416484 
0.415281 
0.414084 
0.412894 
0.411710 
0.410533 
0.409364 
0.408204 
0.407053 
0.405910 
0.404778 
0.403656 
0.402544 
0.401443 
0.400354 
0.399276 
0.398210 
0.397156 
0.396114 
0.395085 
0.394068 
0.393064 
0.392073 
0.391095 
0.390130 
0.389178 
0.388239 
0.387313 
0.386401 
0.385502 
0.384615 
0.383742 
0.382882 
0.382035 
0.381201 
0.380379 
0.379570 
0.378773 
0.377989 
0.377217 
0.376458 
0.375710 
0.374974 
0.374249 
0.373536 
0.372835 
0.372144 
0.371465 
0.370796 
0.370138 
0.369491 
0.368853 
0.368226 
0.367609 
0.367001 
0.366404 
0.365815 
0.365236 
0.364666 
0.364104 
0.363552 
0.363008 
0.362472 
0.361945 
0.361426 
0.360915 
0.360411 
0.359915 
0.359427 
0.358946 
0.358472 
0.358006 
0.357546 
0.357093 
0.356647 
0.356207 
0.355774 
0.355347 
0.354926 
0.354511 
0.354102 
0.353699 
0.353301 
0.352910 
0.352523 
0.352142 
0.351767 
0.351397 
0.351031 
0.350671 
0.350316 
0.349965 
0.349619 
0.349278 
0.348941 
0.348609 
0.348282 
0.347958 
0.347639 
0.347324 
0.347013 
0.346706 
0.346403 
0.346104 
0.345809 
0.345517 
0.345230 
0.344945 
0.344665 
0.344387 
0.344114 
0.343843 
0.343576 
0.343312 
0.343052 
0.342794 
0.342540 
0.342289 
0.342040 
0.341795 
0.341553 
0.341313 
0.341076 
0.340842 
0.340611 
0.340382 
0.340156 
0.339932 
0.339711 
0.339493 
0.339277 
0.339063 
0.338852 
0.338643 
0.338436 
0.338232 
0.338029 
0.337829 
0.337631 
0.337436 
0.337242 
0.337050 
0.336860 
0.336673 
0.336487 
0.336303 
0.336121 
0.335941 
0.335763 
0.335586 
0.335411 
0.335238 
0.335067 
0.334897 
0.334729 
0.334563 
0.334398 
0.334235 
0.334073 
0.333913 
0.333754 
0.333597 
0.333441 
0.333287 
0.333134 
0.332982 
0.332832 
0.332683 
0.332536 
0.332389 
0.332244 
0.332101 
0.331958 
0.331817 
0.331676 
0.331537 
0.331400 
0.331263 
0.331127 
0.330993 
0.330859 
0.330727 
0.330596 
0.330465 
0.330336 
0.330208 
0.330080 
0.329954 
0.329828 
0.329704 
0.329580 
0.329458 
0.329336 
0.329215 
0.329095 
0.328976 
0.328857 
0.328740 
0.328623 
0.328507 
0.328392 
0.328277 
0.328163 
0.328050 
0.327938 
0.327827 
0.327716 
0.327606 
0.327496 
0.327388 
0.327279 
0.327172 
0.327065 
0.326959 
0.326853 
0.326748 
0.326644 
0.326540 
0.326437 
0.326335 
0.326233 
0.326131 
0.326030 
0.325930 
0.325830 
0.325730 
0.325631 
0.325533 
0.325435 
0.325338 
0.325241 
0.325145 
0.325049 
0.324953 
0.324858 
0.324763 
0.324669 
0.324575 
0.324482 
0.324389 
0.324297 
0.324204 
0.324113 
0.324021 
0.323930 
0.323840 
0.323750 
0.323660 
0.323570 
0.323481 
0.323392 
0.323304 
0.323216 
0.323128 
0.323040 
0.322953 
0.322866 
0.322780 
0.322693 
0.322608 
0.322522 
0.322437 
0.322351 
0.322267 
0.322182 
0.322098 
0.322014 
0.321930 
0.321847 
0.321763 
0.321680 
0.321598 
0.321515 
0.321433 
0.321351 
0.321269 
0.321187 
0.321106 
0.321025 
0.320944 
0.320863 
0.320782 
0.320702 
0.320622 
0.320542 
0.320462 
0.320383 
0.320303 
0.320224 
0.320145 
0.320066 
0.319987 
0.319909 
0.319830 
0.319752 
0.319674 
0.319596 
0.319518 
0.319440 
0.319363 
0.319285 
0.319208 
0.319131 
0.319054 
0.318977 
0.318900 
0.318824 
0.318747 
0.318671 
0.318594 
0.318518 
0.318442 
0.318366 
0.318290 
0.318214 
0.318138 
0.318063 
0.317987 
0.317912 
0.317836 
0.317761 
0.317686 
0.317610 
0.317535 
0.317460 
0.317385 
0.317310 
0.317236 
0.317161 
0.317086 
0.317011 
0.316937 
0.316862 
0.316787 
0.316713 
0.316638 
0.316564 
0.316489 
0.316415 
0.316341 
0.316266 
0.316192 
0.316117 
0.316043 
0.315969 
0.315894 
0.315820 
0.315746 
0.315672 
0.315597 
0.315523 
0.315449 
0.315374 
0.315300 
0.315226 
0.315151 
0.315077 
0.315002 
0.314928 
0.314853 
0.314779 
0.314704 
0.314630 
0.314555 
0.314480 
0.314406 
0.314331 
0.314256 
0.314181 
0.314106 
0.314031 
0.313956 
0.313881 
0.313805 
0.313730 
0.313655 
0.313579 
0.313504 
0.313428 
0.313352 
0.313276 
0.313200 
0.313124 
0.313048 
0.312972 
0.312896 
0.312819 
0.312742 
0.312666 
0.312589 
0.312512 
0.312435 
0.312357 
0.312280 
0.312203 
0.312125 
0.312047 
0.311969 
0.311891 
0.311812 
0.311734 
0.311655 
0.311576 
0.311497 
0.311418 
0.311339 
0.311259 
0.311179 
0.311099 
0.311019 
0.310938 
0.310858 
0.310777 
0.310696 
0.310614 
0.310533 
0.310451 
0.310369 
0.310287 
0.310204 
0.310121 
0.310038 
0.309955 
0.309871 
0.309787 
0.309703 
0.309618 
0.309533 
0.309448 
0.309363 
0.309277 
0.309191 
0.309104 
0.309017 
0.308930 
0.308843 
0.308755 
0.308666 
0.308578 
0.308489 
0.308399 
0.308310 
0.308219 
0.308129 
0.308038 
0.307946 
0.307854 
0.307762 
0.307669 
0.307576 
0.307482 
0.307388 
0.307293 
0.307198 
0.307102 
0.307006 
0.306910 
0.306812 
0.306714 
0.306616 
0.306517 
0.306418 
0.306318 
0.306217 
0.306116 
0.306014 
0.305911 
0.305808 
0.305704 
0.305600 
0.305495 
0.305389 
0.305282 
0.305175 
0.305067 
0.304958 
0.304849 
0.304739 
0.304628 
0.304516 
0.304403 
0.304290 
0.304176 
0.304061 
0.303945 
0.303828 
0.303710 
0.303592 
0.303472 
0.303352 
0.303230 
0.303108 
0.302985 
0.302860 
0.302735 
0.302608 
0.302481 
0.302352 
0.302223 
0.302092 
0.301960 
0.301827 
0.301693 
0.301558 
0.301422 
0.301284 
0.301145 
0.301005 
0.300863 
0.300720 
0.300576 
0.300431 
0.300284 
0.300136 
0.299987 
0.299836 
0.299683 
0.299530 
0.299374 
0.299218 
0.299059 
0.298900 
0.298738 
0.298575 
0.298411 
0.298244 
0.298077 
0.297907 
0.297736 
0.297563 
0.297388 
0.297212 
0.297034 
0.296854 
0.296672 
0.296489 
0.296303 
0.296116 
0.295927 
0.295736 
0.295543 
0.295348 
0.295151 
0.294952 
0.294751 
0.294549 
0.294344 
0.294137 
0.293928 
0.293717 
0.293504 
0.293288 
0.293071 
0.292851 
0.292630 
0.292406 
0.292180 
0.291952 
0.291722 
0.291490 
0.291255 
0.291019 
0.290780 
0.290539 
0.290295 
0.290050 
0.289803 
0.289553 
0.289301 
0.289047 
0.288791 
0.288533 
0.288272 
0.288010 
0.287746 
0.287479 
0.287210 
0.286940 
0.286667 
0.286393 
0.286116 
0.285838 
0.285557 
0.285275 
0.284991 
0.284705 
0.284418 
0.284128 
0.283837 
0.283545 
0.283251 
0.282955 
0.282658 
0.282359 
0.282059 
0.281757 
0.281455 
0.281151 
0.280846 
0.280539 
0.280232 
0.279924 
0.279614 
0.279304 
0.278993 
0.278681 
0.278369 
0.278055 
0.277742 
0.277427 
0.277112 
0.276797 
0.276482 
0.276166 
0.275850 
0.275534 
0.275218 
0.274902 
0.274586 
0.274270 
0.273954 
0.273638 
0.273323 
0.273008 
0.272694 
0.272380 
0.272067 
0.271754 
0.271442 
0.271131 
0.270820 
0.270510 
0.270202 
0.269894 
0.269587 
0.269281 
0.268976 
0.268672 
0.268370 
0.268069 
0.267769 
0.267470 
0.267173 
0.266877 
0.266582 
0.266289 
0.265997 
0.265707 
0.265419 
0.265132 
0.264846 
0.264562 
0.264280 
0.264000 
0.263721 
0.263444 
0.263168 
0.262895 
0.262623 
0.262353 
0.262084 
0.261818 
0.261553 
0.261290 
0.261029 
0.260770 
0.260512 
0.260257 
0.260003 
0.259751 
0.259501 
0.259253 
0.259007 
0.258762 
0.258520 
0.258279 
0.258041 
0.257804 
0.257569 
0.257335 
0.257104 
0.256874 
0.256647 
0.256421 
0.256197 
0.255975 
0.255754 
0.255536 
0.255319 
0.255104 
0.254891 
0.254679 
0.254469 
0.254261 
0.254055 
0.253851 
0.253648 
0.253447 
0.253247 
0.253050 
0.252854 
0.252659 
0.252467 
0.252275 
0.252086 
0.251898 
0.251712 
0.251527 
0.251344 
0.251163 
0.250983 
0.250804 
0.250627 
0.250452 
0.250278 
0.250105 
0.249935 
0.249765 
0.249597 
0.249430 
0.249265 
0.249101 
0.248939 
0.248778 
0.248618 
0.248460 
0.248303 
0.248147 
0.247993 
0.247840 
0.247688 
0.247538 
0.247389 
0.247241 
0.247094 
0.246949 
0.246805 
0.246662 
0.246520 
0.246379 
0.246240 
0.246101 
0.245964 
0.245828 
0.245693 
0.245560 
0.245427 
0.245295 
0.245165 
0.245036 
0.244907 
0.244780 
0.244654 
0.244528 
0.244404 
0.244281 
0.244159 
0.244038 
0.243918 
0.243798 
0.243680 
0.243563 
0.243446 
0.243331 
0.243216 
0.243103 
0.242990 
0.242878 
0.242767 
0.242657 
0.242548 
0.242439 
0.242332 
0.242225 
0.242119 
0.242014 
0.241910 
0.241807 
0.241704 
0.241602 
0.241501 
0.241401 
0.241302 
0.241203 
0.241105 
0.241008 
0.240911 
0.240815 
0.240720 
0.240626 
0.240532 
0.240439 
0.240347 
0.240256 
0.240165 
0.240075 
0.239985 
0.239896 
0.239808 
0.239721 
0.239634 
0.239547 
0.239462 
0.239377 
0.239292 
0.239208 
0.239125 
0.239043 
0.238961 
0.238879 
0.238798 
0.238718 
0.238638 
0.238559 
0.238481 
0.238403 
0.238325 
0.238248 
0.238172 
0.238096 
0.238021 
0.237946 
0.237872 
0.237798 
0.237724 
0.237652 
0.237579 
0.237508 
0.237436 
0.237365 
0.237295 
0.237225 
0.237156 
0.237087 
0.237019 
0.236950 
0.236883 
0.236816 
0.236749 
0.236683 
0.236617 
0.236552 
0.236487 
0.236422 
0.236358 
0.236295 
0.236231 
0.236169 
0.236106 
0.236044 
0.235982 
0.235921 
0.235860 
0.235800 
0.235740 
0.235680 
0.235621 
0.235562 
0.235503 
0.235445 
0.235387 
0.235330 
0.235273 
0.235216 
0.235159 
0.235103 
0.235048 
0.234992 
0.234937 
0.234882 
0.234828 
0.234774 
0.234720 
0.234667 
0.234614 
0.234561 
0.234509 
0.234456 
0.234405 
0.234353 
0.234302 
0.234251 
0.234200 
0.234150 
0.234100 
0.234050 
0.234001 
0.233952 
0.233903 
0.233854 
0.233806 
0.233758 
0.233710 
0.233663 
0.233616 
0.233569 
0.233522 
0.233476 
0.233430 
0.233384 
0.233338 
0.233293 
0.233248 
0.233203 
0.233158 
0.233114 
0.233070 
0.233026 
0.232982 
0.232939 
0.232896 
0.232853 
0.232810 
0.232768 
0.232726 
0.232684 
0.232642 
0.232600 
0.232559 
0.232518 
0.232477 
0.232436 
0.232396 
0.232356 
0.232316 
0.232276 
0.232236 
0.232197 
0.232158 
0.232119 
0.232080 
0.232042 
0.232003 
0.231965 
0.231927 
0.231889 
0.231852 
0.231815 
0.231777 
0.231740 
0.231704 
0.231667 
0.231630 
0.231594 
0.231558 
0.231522 
0.231487 
0.231451 
0.231416 
0.231381 
0.231346 
0.231311 
0.231276 
0.231242 
0.231207 
0.231173 
0.231139 
0.231105 
0.231072 
0.231038 
0.231005 
0.230972 
0.230939 
0.230906 
0.230873 
0.230841 
0.230808 
0.230776 
0.230744 
0.230712 
0.230680 
0.230649 
0.230617 
0.230586 
0.230555 
0.230524 
0.230493 
0.230462 
0.230432 
0.230401 
0.230371 
0.230341 
0.230311 
0.230281 
0.230251 
0.230221 
0.230192 
0.230162 
0.230133 
0.230104 
0.230075 
0.230046 
0.230018 
0.229989 
0.229961 
0.229932 
0.229904 
0.229876 
0.229848 
0.229820 
0.229793 
0.229765 
0.229738 
0.229710 
0.229683 
0.229656 
0.229629 
0.229602 
0.229575 
0.229549 
0.229522 
0.229496 
0.229470 
0.229443 
0.229417 
0.229391 
0.229366 
0.229340 
0.229314 
0.229289 
0.229263 
0.229238 
0.229213 
0.229188 
0.229163 
0.229138 
0.229113 
0.229088 
0.229064 
0.229039 
0.229015 
0.228991 
0.228966 
0.228942 
0.228918 
0.228894 
0.228871 
0.228847 
0.228823 
0.228800 
0.228776 
0.228753 
0.228730 
0.228707 
0.228684 
0.228661 
0.228638 
0.228615 
0.228592 
0.228570 
0.228547 
0.228525 
0.228503 
0.228480 
0.228458 
0.228436 
0.228414 
0.228392 
0.228370 
0.228349 
0.228327 
0.228305 
0.228284 
0.228263 
0.228241 
0.228220 
0.228199 
0.228178 
0.228157 
0.228136 
0.228115 
0.228094 
0.228074 
0.228053 
0.228032 
0.228012 
0.227992 
0.227971 
0.227951 
0.227931 
0.227911 
0.227891 
0.227871 
0.227851 
0.227831 
0.227811 
0.227792 
0.227772 
0.227752 
0.227733 
0.227714 
0.227694 
0.227675 
0.227656 
0.227637 
0.227618 
0.227599 
0.227580 
0.227561 
0.227542 
0.227523 
0.227505 
0.227486 
0.227468 
0.227449 
0.227431 
0.227412 
0.227394 
0.227376 
0.227358 
0.227340 
0.227322 
0.227304 
0.227286 
0.227268 
0.227250 
0.227232 
0.227215 
0.227197 
0.227179 
0.227162 
0.227144 
0.227127 
0.227110 
0.227092 
0.227075 
0.227058 
0.227041 
0.227024 
0.227007 
0.226990 
0.226973 
0.226956 
0.226939 
0.226923 
0.226906 
0.226889 
0.226873 
0.226856 
0.226840 
0.226823 
0.226807 
0.226791 
0.226774 
0.226758 
0.226742 
0.226726 
0.226710 
0.226694 
0.226678 
0.226662 
0.226646 
0.226630 
0.226614 
0.226598 
0.226583 
0.226567 
0.226551 
0.226536 
0.226520 
0.226505 
0.226489 
0.226474 
0.226459 
0.226443 
0.226428 
0.226413 
0.226398 
0.226383 
0.226367 
0.226352 
0.226337 
0.226322 
0.226308 
0.226293 
0.226278 
0.226263 
0.226248 
0.226234 
0.226219 
0.226204 
0.226190 
0.226175 
0.226161 
0.226146 
0.226132 
0.226117 
0.226103 
0.226089 
0.226074 
0.226060 
0.226046 
0.226032 
0.226017 
0.226003 
0.225989 
0.225975 
0.225961 
0.225947 
0.225933 
0.225919 
0.225906 
0.225892 
0.225878 
0.225864 
0.225850 
0.225837 
0.225823 
0.225809 
0.225796 
0.225782 
0.225769 
0.225755 
0.225742 
0.225728 
0.225715 
0.225702 
0.225688 
0.225675 
0.225662 
0.225648 
0.225635 
0.225622 
0.225609 
0.225596 
0.225583 
0.225570 
0.225556 
0.225543 
0.225530 
0.225518 
0.225505 
0.225492 
0.225479 
0.225466 
0.225453 
0.225440 
0.225428 
0.225415 
0.225402 
0.225389 
0.225377 
0.225364 
0.225351 
0.225339 
0.225326 
0.225314 
0.225301 
0.225289 
0.225276 
0.225264 
0.225251 
0.225239 
0.225226 
0.225214 
0.225202 
0.225189 
0.225177 
0.225165 
0.225153 
0.225140 
0.225128 
0.225116 
0.225104 
0.225092 
0.225080 
0.225067 
0.225055 
0.225043 
0.225031 
0.225019 
0.225007 
0.224995 
0.224983 
0.224971 
0.224959 
0.224947 
0.224935 
0.224924 
0.224912 
0.224900 
0.224888 
0.224876 
0.224864 
0.224852 
0.224841 
0.224829 
0.224817 
0.224805 
0.224794 
0.224782 
0.224770 
0.224759 
0.224747 
0.224735 
0.224724 
0.224712 
0.224700 
0.224689 
0.224677 
0.224666 
0.224654 
0.224643 
0.224631 
0.224620 
0.224608 
0.224596 
0.224585 
0.224573 
0.224562 
0.224551 
0.224539 
0.224528 
0.224516 
0.224505 
0.224493 
0.224482 
0.224470 
0.224459 
0.224448 
0.224436 
0.224425 
0.224413 
0.224402 
0.224391 
0.224379 
0.224368 
0.224357 
0.224345 
0.224334 
0.224323 
0.224311 
0.224300 
0.224289 
0.224277 
0.224266 
0.224255 
0.224243 
0.224232 
0.224221 
0.224209 
0.224198 
0.224187 
0.224175 
0.224164 
0.224153 
0.224141 
0.224130 
0.224119 
0.224107 
0.224096 
0.224085 
0.224073 
0.224062 
0.224051 
0.224039 
0.224028 
0.224016 
0.224005 
0.223994 
0.223982 
0.223971 
0.223959 
0.223948 
0.223937 
0.223925 
0.223914 
0.223902 
0.223891 
0.223879 
0.223868 
0.223856 
0.223845 
0.223833 
0.223822 
0.223810 
0.223799 
0.223787 
0.223776 
0.223764 
0.223752 
0.223741 
0.223729 
0.223717 
0.223706 
0.223694 
0.223682 
0.223670 
0.223659 
0.223647 
0.223635 
0.223623 
0.223611 
0.223600 
0.223588 
0.223576 
0.223564 
0.223552 
0.223540 
0.223528 
0.223516 
0.223504 
0.223491 
0.223479 
0.223467 
0.223455 
0.223443 
0.223430 
0.223418 
0.223406 
0.223393 
0.223381 
0.223369 
0.223356 
0.223344 
0.223331 
0.223318 
0.223306 
0.223293 
0.223280 
0.223268 
0.223255 
0.223242 
0.223229 
0.223216 
0.223203 
0.223190 
0.223177 
0.223164 
0.223150 
0.223137 
0.223124 
0.223110 
0.223097 
0.223084 
0.223070 
0.223056 
0.223043 
0.223029 
0.223015 
0.223001 
0.222987 
0.222973 
0.222959 
0.222945 
0.222931 
0.222917 
0.222902 
0.222888 
0.222873 
0.222859 
0.222844 
0.222829 
0.222814 
0.222799 
0.222784 
0.222769 
0.222754 
0.222739 
0.222723 
0.222708 
0.222692 
0.222676 
0.222660 
0.222644 
0.222628 
0.222612 
0.222596 
0.222580 
0.222563 
0.222546 
0.222530 
0.222513 
0.222496 
0.222479 
0.222461 
0.222444 
0.222426 
0.222409 
0.222391 
0.222373 
0.222355 
0.222336 
0.222318 
0.222299 
0.222280 
0.222261 
0.222242 
0.222223 
0.222203 
0.222184 
0.222164 
0.222144 
0.222124 
0.222103 
0.222082 
0.222062 
0.222041 
0.222019 
0.221998 
0.221976 
0.221954 
0.221932 
0.221909 
0.221886 
0.221863 
0.221840 
0.221817 
0.221793 
0.221769 
0.221745 
0.221720 
0.221695 
0.221670 
0.221644 
0.221618 
0.221592 
0.221566 
0.221539 
0.221511 
0.221484 
0.221456 
0.221428 
0.221399 
0.221370 
0.221340 
0.221310 
0.221280 
0.221249 
0.221218 
0.221186 
0.221154 
0.221122 
0.221088 
0.221055 
0.221021 
0.220986 
0.220951 
0.220915 
0.220879 
0.220842 
0.220805 
0.220766 
0.220728 
0.220688 
0.220648 
0.220608 
0.220566 
0.220524 
0.220482 
0.220438 
0.220394 
0.220349 
0.220303 
0.220256 
0.220209 
0.220160 
0.220111 
0.220061 
0.220010 
0.219958 
0.219905 
0.219851 
0.219796 
0.219740 
0.219682 
0.219624 
0.219565 
0.219504 
0.219442 
0.219379 
0.219315 
0.219249 
0.219182 
0.219114 
0.219044 
0.218973 
0.218901 
0.218826 
0.218751 
0.218673 
0.218595 
0.218514 
0.218432 
0.218348 
0.218262 
0.218174 
0.218084 
0.217993 
0.217899 
0.217803 
0.217706 
0.217606 
0.217504 
0.217399 
0.217292 
0.217183 
0.217072 
0.216958 
0.216841 
0.216722 
0.216600 
0.216475 
0.216347 
0.216216 
0.216083 
0.215946 
0.215806 
0.215663 
0.215517 
0.215367 
0.215214 
0.215057 
0.214896 
0.214732 
0.214564 
0.214391 
0.214215 
0.214035 
0.213850 
0.213661 
0.213468 
0.213270 
0.213067 
0.212860 
0.212647 
0.212430 
0.212207 
0.211979 
0.211746 
0.211508 
0.211263 
0.211013 
0.210758 
0.210496 
0.210228 
0.209954 
0.209674 
0.209388 
0.209095 
0.208795 
0.208489 
0.208176 
0.207856 
0.207529 
0.207195 
0.206855 
0.206507 
0.206152 
0.205789 
0.205420 
0.205043 
0.204659 
0.204268 
0.203870 
0.203464 
0.203051 
0.202631 
0.202204 
0.201770 
0.201329 
0.200882 
0.200427 
0.199966 
0.199498 
0.199024 
0.198544 
0.198058 
0.197565 
0.197067 
0.196564 
0.196054 
0.195540 
0.195021 
0.194496 
0.193968 
0.193434 
0.192896 
0.192354 
0.191809 
0.191259 
0.190706 
0.190149 
0.189590 
0.189027 
0.188461 
0.187893 
0.187322 
0.186749 
0.186173 
0.185596 
0.185017 
0.184436 
0.183853 
0.183269 
0.182683 
0.182096 
0.181509 
0.180920 
0.180330 
0.179740 
0.179149 
0.178558 
0.177966 
0.177374 
0.176782 
0.176190 
0.175598 
0.175006 
0.174414 
0.173823 
0.173232 
0.172642 
0.172052 
0.171464 
0.170876 
0.170289 
0.169703 
0.169118 
0.168535 
0.167952 
0.167371 
0.166792 
0.166214 
0.165638 
0.165063 
0.164490 
0.163919 
0.163350 
0.162782 
0.162217 
0.161654 
0.161093 
0.160534 
0.159977 
0.159423 
0.158871 
0.158321 
0.157774 
0.157229 
0.156686 
0.156146 
0.155609 
0.155074 
0.154542 
0.154013 
0.153486 
0.152962 
0.152441 
0.151923 
0.151407 
0.150894 
0.150384 
0.149876 
0.149372 
0.148870 
0.148372 
0.147876 
0.147383 
0.146893 
0.146405 
0.145921 
0.145440 
0.144961 
0.144486 
0.144013 
0.143543 
0.143076 
0.142612 
0.142151 
0.141693 
0.141238 
0.140785 
0.140336 
0.139889 
0.139445 
0.139004 
0.138566 
0.138131 
0.137698 
0.137269 
0.136842 
0.136418 
0.135996 
0.135578 
0.135162 
0.134749 
0.134339 
0.133931 
0.133526 
0.133124 
0.132724 
0.132327 
0.131933 
0.131541 
0.131152 
0.130766 
0.130382 
0.130001 
0.129622 
0.129246 
0.128872 
0.128501 
0.128132 
0.127766 
0.127402 
0.127041 
0.126682 
0.126325 
0.125971 
0.125619 
0.125270 
0.124923 
0.124578 
0.124236 
0.123895 
0.123558 
0.123222 
0.122889 
0.122557 
0.122228 
0.121902 
0.121577 
0.121255 
0.120934 
0.120616 
0.120300 
0.119986 
0.119674 
0.119364 
0.119057 
0.118751 
0.118447 
0.118145 
0.117846 
0.117548 
0.117252 
0.116958 
0.116666 
0.116376 
0.116088 
0.115802 
0.115517 
0.115235 
0.114954 
0.114675 
0.114398 
0.114123 
0.113849 
0.113577 
0.113307 
0.113039 
0.112772 
0.112508 
0.112244 
0.111983 
0.111723 
0.111465 
0.111209 
0.110954 
0.110700 
0.110449 
0.110199 
0.109950 
0.109703 
0.109458 
0.109214 
0.108972 
0.108731 
0.108492 
0.108254 
0.108018 
0.107783 
0.107550 
0.107318 
0.107087 
0.106858 
0.106630 
0.106404 
0.106179 
0.105956 
0.105733 
0.105513 
0.105293 
0.105075 
0.104858 
0.104643 
0.104429 
0.104216 
0.104004 
0.103794 
0.103585 
0.103377 
0.103170 
0.102965 
0.102761 
0.102558 
0.102356 
0.102155 
0.101956 
0.101758 
0.101561 
0.101365 
0.101170 
0.100976 
0.100784 
0.100593 
0.100402 
0.100213 
0.100025 
0.099838 
0.099652 
0.099467 
0.099283 
0.099101 
0.098919 
0.098738 
0.098558 
0.098380 
0.098202 
0.098025 
0.097850 
0.097675 
0.097501 
0.097329 
0.097157 
0.096986 
0.096816 
0.096647 
0.096479 
0.096312 
0.096146 
0.095980 
0.095816 
0.095652 
0.095490 
0.095328 
0.095167 
0.095007 
0.094848 
0.094690 
0.094532 
0.094375 
0.094220 
0.094065 
0.093911 
0.093757 
0.093605 
0.093453 
0.093302 
0.093152 
0.093002 
0.092854 
0.092706 
0.092559 
0.092413 
0.092267 
0.092122 
0.091978 
0.091835 
0.091692 
0.091550 
0.091409 
0.091268 
0.091129 
0.090990 
0.090851 
0.090713 
0.090576 
0.090440 
0.090304 
0.090169 
0.090035 
0.089901 
0.089768 
0.089636 
0.089504 
0.089373 
0.089243 
0.089113 
0.088984 
0.088855 
0.088727 
0.088600 
0.088473 
0.088347 
0.088221 
0.088096 
0.087972 
0.087848 
0.087725 
0.087602 
0.087480 
0.087359 
0.087238 
0.087117 
0.086997 
0.086878 
0.086759 
0.086641 
0.086523 
0.086406 
0.086290 
0.086174 
0.086058 
0.085943 
0.085828 
0.085714 
0.085601 
0.085488 
0.085375 
0.085263 
0.085152 
0.085041 
0.084930 
0.084820 
0.084710 
0.084601 
0.084493 
0.084384 
0.084277 
0.084169 
0.084063 
0.083956 
0.083850 
0.083745 
0.083640 
0.083535 
0.083431 
0.083327 
0.083224 
0.083121 
0.083019 
0.082917 
0.082815 
0.082714 
0.082613 
0.082513 
0.082413 
0.082314 
0.082215 
0.082116 
0.082017 
0.081920 
0.081822 
0.081725 
0.081628 
0.081532 
0.081436 
0.081340 
0.081245 
0.081150 
0.081056 
0.080961 
0.080868 
0.080774 
0.080681 
0.080588 
0.080496 
0.080404 
0.080313 
0.080221 
0.080130 
0.080040 
0.079950 
0.079860 
0.079770 
0.079681 
0.079592 
0.079503 
0.079415 
0.079327 
0.079240 
0.079152 
0.079065 
0.078979 
0.078893 
0.078807 
0.078721 
0.078635 
0.078550 
0.078466 
0.078381 
0.078297 
0.078213 
0.078130 
0.078046 
0.077963 
0.077881 
0.077798 
0.077716 
0.077634 
0.077553 
0.077472 
0.077391 
0.077310 
0.077230 
0.077149 
0.077070 
0.076990 
0.076911 
0.076832 
0.076753 
0.076674 
0.076596 
0.076518 
0.076441 
0.076363 
0.076286 
0.076209 
0.076132 
0.076056 
0.075980 
0.075904 
0.075828 
0.075753 
0.075677 
0.075602 
0.075528 
0.075453 
0.075379 
0.075305 
0.075231 
0.075158 
0.075085 
0.075012 
0.074939 
0.074866 
0.074794 
0.074722 
0.074650 
0.074578 
0.074507 
0.074435 
0.074364 
0.074294 
0.074223 
0.074153 
0.074083 
0.074013 
0.073943 
0.073874 
0.073804 
0.073735 
0.073666 
0.073598 
0.073529 
0.073461 
0.073393 
0.073325 
0.073258 
0.073190 
0.073123 
0.073056 
0.072989 
0.072922 
0.072856 
0.072790 
0.072724 
0.072658 
0.072592 
0.072527 
0.072461 
0.072396 
0.072331 
0.072267 
0.072202 
0.072138 
0.072074 
0.072010 
0.071946 
0.071882 
0.071819 
0.071756 
0.071692 
0.071630 
0.071567 
0.071504 
0.071442 
0.071380 
0.071318 
0.071256 
0.071194 
0.071133 
0.071071 
0.071010 
0.070949 
0.070888 
0.070827 
0.070767 
0.070706 
0.070646 
0.070586 
0.070526 
0.070467 
0.070407 
0.070348 
0.070288 
0.070229 
0.070170 
0.070112 
0.070053 
0.069994 
0.069936 
0.069878 
0.069820 
0.069762 
0.069704 
0.069647 
0.069589 
0.069532 
0.069475 
0.069418 
0.069361 
0.069305 
0.069248 
0.069192 
0.069135 
0.069079 
0.069023 
0.068967 
0.068912 
0.068856 
0.068801 
0.068745 
0.068690 
0.068635 
0.068581 
0.068526 
0.068471 
0.068417 
0.068362 
0.068308 
0.068254 
0.068200 
0.068146 
0.068093 
0.068039 
0.067986 
0.067933 
0.067879 
0.067826 
0.067774 
0.067721 
0.067668 
0.067616 
0.067563 
0.067511 
0.067459 
0.067407 
0.067355 
0.067303 
0.067252 
0.067200 
0.067149 
0.067097 
0.067046 
0.066995 
0.066944 
0.066893 
0.066843 
0.066792 
0.066742 
0.066691 
0.066641 
0.066591 
0.066541 
0.066491 
0.066441 
0.066392 
0.066342 
0.066293 
0.066243 
0.066194 
0.066145 
0.066096 
0.066047 
0.065999 
0.065950 
0.065901 
0.065853 
0.065805 
0.065756 
0.065708 
0.065660 
0.065612 
0.065564 
0.065517 
0.065469 
0.065422 
0.065374 
0.065327 
0.065280 
0.065233 
0.065186 
0.065139 
0.065092 
0.065045 
0.064999 
0.064952 
0.064906 
0.064860 
0.064814 
0.064768 
0.064722 
0.064676 
0.064630 
0.064584 
0.064539 
0.064493 
0.064448 
0.064402 
0.064357 
0.064312 
0.064267 
0.064222 
0.064177 
0.064133 
0.064088 
0.064043 
0.063999 
0.063955 
0.063910 
0.063866 
0.063822 
0.063778 
0.063734 
0.063690 
0.063646 
0.063603 
0.063559 
0.063516 
0.063472 
0.063429 
0.063386 
0.063343 
0.063300 
0.063257 
0.063214 
0.063171 
0.063128 
0.063086 
0.063043 
0.063001 
0.062959 
0.062916 
0.062874 
0.062832 
0.062790 
0.062748 
0.062706 
0.062664 
0.062623 
0.062581 
0.062540 
0.062498 
0.062457 
0.062415 
0.062374 
0.062333 
0.062292 
0.062251 
0.062210 
0.062169 
0.062129 
0.062088 
0.062047 
0.062007 
0.061966 
0.061926 
0.061886 
0.061846 
0.061805 
0.061765 
0.061725 
0.061686 
0.061646 
0.061606 
0.061566 
0.061527 
0.061487 
0.061448 
0.061408 
0.061369 
0.061330 
0.061291 
0.061252 
0.061213 
0.061174 
0.061135 
0.061096 
0.061057 
0.061019 
0.060980 
0.060942 
0.060903 
0.060865 
0.060826 
0.060788 
0.060750 
0.060712 
0.060674 
0.060636 
0.060598 
0.060560 
0.060522 
0.060485 
0.060447 
0.060410 
0.060372 
0.060335 
0.060297 
0.060260 
0.060223 
0.060186 
0.060149 
0.060112 
0.060075 
0.060038 
0.060001 
0.059964 
0.059928 
0.059891 
0.059854 
0.059818 
0.059781 
0.059745 
0.059709 
0.059673 
0.059636 
0.059600 
0.059564 
0.059528 
0.059492 
0.059456 
0.059421 
0.059385 
0.059349 
0.059314 
0.059278 
0.059242 
0.059207 
0.059172 
0.059136 
0.059101 
0.059066 
0.059031 
0.058996 
0.058961 
0.058926 
0.058891 
0.058856 
0.058821 
0.058786 
0.058752 
0.058717 
0.058683 
0.058648 
0.058614 
0.058579 
0.058545 
0.058511 
0.058476 
0.058442 
0.058408 
0.058374 
0.058340 
0.058306 
0.058272 
0.058239 
0.058205 
0.058171 
0.058137 
0.058104 
0.058070 
0.058037 
0.058003 
0.057970 
0.057937 
0.057903 
0.057870 
0.057837 
0.057804 
0.057771 
0.057738 
0.057705 
0.057672 
0.057639 
0.057607 
0.057574 
0.057541 
0.057508 
0.057476 
0.057443 
0.057411 
0.057378 
0.057346 
0.057314 
0.057282 
0.057249 
0.057217 
0.057185 
0.057153 
0.057121 
0.057089 
0.057057 
0.057025 
0.056993 
0.056962 
0.056930 
0.056898 
0.056867 
0.056835 
0.056804 
0.056772 
0.056741 
0.056709 
0.056678 
0.056647 
0.056616 
0.056584 
0.056553 
0.056522 
0.056491 
0.056460 
0.056429 
0.056398 
0.056368 
0.056337 
0.056306 
0.056275 
0.056245 
0.056214 
0.056184 
0.056153 
0.056123 
0.056092 
0.056062 
0.056031 
0.056001 
0.055971 
0.055941 
0.055911 
0.055881 
0.055850 
0.055820 
0.055791 
0.055761 
0.055731 
0.055701 
0.055671 
0.055641 
0.055612 
0.055582 
0.055552 
0.055523 
0.055493 
0.055464 
0.055434 
0.055405 
0.055376 
0.055346 
0.055317 
0.055288 
0.055259 
0.055230 
0.055201 
0.055172 
0.055143 
0.055114 
0.055085 
0.055056 
0.055027 
0.054998 
0.054969 
0.054941 
0.054912 
0.054883 
0.054855 
0.054826 
0.054798 
0.054769 
0.054741 
0.054713 
0.054684 
0.054656 
0.054628 
0.054600 
0.054571 
0.054543 
0.054515 
0.054487 
0.054459 
0.054431 
0.054403 
0.054375 
0.054347 
0.054320 
0.054292 
0.054264 
0.054236 
0.054209 
0.054181 
0.054154 
0.054126 
0.054099 
0.054071 
0.054044 
0.054016 
0.053989 
0.053962 
0.053934 
0.053907 
0.053880 
0.053853 
0.053826 
0.053799 
0.053772 
0.053745 
0.053718 
0.053691 
0.053664 
0.053637 
0.053610 
0.053583 
0.053557 
0.053530 
0.053503 
0.053477 
0.053450 
0.053423 
0.053397 
0.053370 
0.053344 
0.053318 
0.053291 
0.053265 
0.053239 
0.053212 
0.053186 
0.053160 
0.053134 
0.053108 
0.053081 
0.053055 
0.053029 
0.053003 
0.052977 
0.052952 
0.052926 
0.052900 
0.052874 
0.052848 
0.052822 
0.052797 
0.052771 
0.052745 
0.052720 
0.052694 
0.052669 
0.052643 
0.052618 
0.052592 
0.052567 
0.052542 
0.052516 
0.052491 
0.052466 
0.052440 
0.052415 
0.052390 
0.052365 
0.052340 
0.052315 
0.052290 
0.052265 
0.052240 
0.052215 
0.052190 
0.052165 
0.052140 
0.052115 
0.052091 
0.052066 
0.052041 
0.052017 
0.051992 
0.051967 
0.051943 
0.051918 
0.051894 
0.051869 
0.051845 
0.051820 
0.051796 
0.051772 
0.051747 
0.051723 
0.051699 
0.051674 
0.051650 
0.051626 
0.051602 
0.051578 
0.051554 
0.051530 
0.051506 
0.051482 
0.051458 
0.051434 
0.051410 
0.051386 
0.051362 
0.051338 
0.051315 
0.051291 
0.051267 
0.051243 
0.051220 
0.051196 
0.051173 
0.051149 
0.051126 
0.051102 
0.051079 
0.051055 
0.051032 
0.051008 
0.050985 
0.050962 
0.050938 
0.050915 
0.050892 
0.050869 
0.050845 
0.050822 
0.050799 
0.050776 
0.050753 
0.050730 
0.050707 
0.050684 
0.050661 
0.050638 
0.050615 
0.050592 
0.050569 
0.050547 
0.050524 
0.050501 
0.050478 
0.050456 
0.050433 
0.050410 
0.050388 
0.050365 
0.050343 
0.050320 
0.050298 
0.050275 
0.050253 
0.050230 
0.050208 
0.050185 
0.050163 
0.050141 
0.050119 
0.050096 
0.050074 
0.050052 
0.050030 
0.050007 
0.049985 
0.000000 
0.000000 
0.000000 
0.000000 
0.000000 
0.000000 
0.000000 
0.000000 
0.000000 
0.000000 
0.000000 
0.000000 
0.000000 
0.000000 
0.000000 
0.000000 
0.000000 
0.000000 
0.000000 
0.000000 
0.000000 
0.000000 
0.000000 
0.000000 
0.000000 
0.000000 
0.000000 
0.000000 
0.000000 
0.000000 
0.000000 
0.000000 
0.000000 
0.000000 
0.000000 
0.000000 
0.000000 
0.000000 
0.000000 
0.000000 
0.000000 
0.000000 
0.000000 
0.000000 
0.000000 
0.000000 
0.000000 
0.000000 
0.000000 
0.000000 
0.000000 
0.000000 
0.000000 
0.000000 
0.000000 
0.000000 
0.000000 
0.000000 
0.000000 
0.000000 
0.000000 
0.000000 
0.000000 
0.000000 
0.000000 
0.000000 
0.000000 
0.000000 
0.000000 
0.000000 
0.000000 
0.000000 
0.000000 
0.000000 
0.000000 
0.000000 
0.000000 
0.000000 
0.000000 
0.000000 
0.000000 
0.000000 
0.000000 
0.000000 
0.000000 
0.000000 
0.000000 
0.000000 
0.000000 
0.000000 
0.000000 
0.000000 
0.000000 
0.000000 
0.000000 
0.000000 
0.000000 
0.000000 
0.000000 
0.000000 
0.000000 
0.000000 
0.000000 
0.000000 
0.000000 
0.000000 
0.000000 
0.000000 
0.000000 
0.000000 
0.000000 
0.000000 
0.000000 
0.000000 
0.000000 
0.000000 
0.000000 
0.000000 
0.000000 
0.000000 
0.000000 
0.000000 
0.000000 
0.000000 
0.000000 
0.000000 
0.000000 
0.000000 
0.000000 
0.000000 
0.000000 
0.000000 
0.000000 
0.000000 
0.000000 
0.000000 
0.000000 
0.000000 
0.000000 
0.000000 
0.000000 
0.000000 
0.000000 
0.000000 
0.000000 
0.000000 
0.000000 
0.000000 
0.000000 
0.000000 
0.000000 
0.000000 
0.000000 
0.000000 
0.000000 
0.000000 
0.000000 
0.000000 
0.000000 
0.000000 
0.000000 
0.000000 
0.000000 
0.000000 
0.000000 
0.000000 
0.000000 
0.000000 
0.000000 
0.000000 
0.000000 
0.000000 
0.000000 
0.000000 
0.000000 
0.000000 
0.000000 
0.000000 
0.000000 
0.000000 
0.000000 
0.000000 
0.000000 
0.000000 
0.000000 
0.000000 
0.000000 
0.000000 
0.000000 
0.000000 
0.000000 
0.000000 
0.000000 
0.000000 
0.000000 
0.000000 
0.000000 
0.000000 
0.000000 
0.000000 
0.000000 
0.000000 
0.000000 
0.000000 
0.000000 
0.000000 
0.000000 
0.000000 
0.000000 
0.000000 
0.000000 
0.000000 
0.000000 
0.000000 
0.000000 
0.000000 
0.000000 
0.000000 
0.000000 
0.000000 
0.000000 
0.000000 
0.000000 
0.000000 
0.000000 
0.000000 
0.000000 
0.000000 
0.000000 
0.000000 
0.000000 
0.000000 
0.000000 
0.000000 
0.000000 
0.000000 
0.000000 
0.000000 
0.000000 
0.000000 
0.000000 
0.000000 
0.000000 
0.000000 
0.000000 
0.000000 
0.000000 
0.000000 
0.000000 
0.000000 
0.000000 
0.000000 
0.000000 
0.000000 
0.000000 
0.000000 
0.000000 
0.000000 
0.000000 
0.000000 
0.000000 
0.000000 
0.000000 
0.000000 
0.000000 
0.000000 
0.000000 
0.000000 
0.000000 
0.000000 
0.000000 
0.000000 
0.000000 
0.000000 
0.000000 
0.000000 
0.000000 
0.000000 
0.000000 
0.000000 
0.000000 
0.000000 
0.000000 
0.000000 
0.000000 
0.000000 
0.000000 
0.000000 
0.000000 
0.000000 
0.000000 
0.000000 
0.000000 
0.000000 
0.000000 
0.000000 
0.000000 
0.000000 
0.000000 
0.000000 
0.000000 
0.000000 
0.000000 
0.000000 
0.000000 
0.000000 
0.000000 
0.000000 
0.000000 
0.000000 
0.000000 
0.000000 
0.000000 
0.000000 
0.000000 
0.000000 
0.000000 
0.000000 
0.000000 
0.000000 
0.000000 
0.000000 
0.000000 
0.000000 
0.000000 
0.000000 
0.000000 
0.000000 
0.000000 
0.000000 
0.000000 
0.000000 
0.000000 
0.000000 
0.000000 
0.000000 
0.000000 
0.000000 
0.000000 
0.000000 
0.000000 
0.000000 
0.000000 
0.000000 
0.000000 
0.000000 
0.000000 
0.000000 
0.000000 
0.000000 
0.000000 
0.000000 
0.000000 
0.000000 
0.000000 
0.000000 
0.000000 
0.000000 
0.000000 
0.000000 
0.000000 
0.000000 
0.000000 
0.000000 
0.000000 
0.000000 
0.000000 
0.000000 
0.000000 
0.000000 
0.000000 
0.000000 
0.000000 
0.000000 
0.000000 
0.000000 
0.000000 
0.000000 
0.000000 
0.000000 
0.000000 
0.000000 
0.000000 
0.000000 
0.000000 
0.000000 
0.000000 
0.000000 
0.000000 
0.000000 
0.000000 
0.000000 
0.000000 
0.000000 
0.000000 
0.000000 
0.000000 
0.000000 
0.000000 
0.000000 
0.000000 
0.000000 
0.000000 
0.000000 
0.000000 
0.000000 
0.000000 
0.000000 
0.000000 
0.000000 
0.000000 
0.000000 
0.000000 
0.000000 
0.000000 
0.000000 
0.000000 
0.000000 
0.000000 
0.000000 
0.000000 
0.000000 
0.000000 
0.000000 
0.000000 
0.000000 
0.000000 
0.000000 
0.000000 
0.000000 
0.000000 
0.000000 
0.000000 
0.000000 
0.000000 
0.000000 
0.000000 
0.000000 
0.000000 
0.000000 
0.000000 
0.000000 
0.000000 
0.000000 
0.000000 
0.000000 
0.000000 
0.000000 
0.000000 
0.000000 
0.000000 
0.000000 
0.000000 
0.000000 
0.000000 
0.000000 
0.000000 
0.000000 
0.000000 
0.000000 
0.000000 
0.000000 
0.000000 
0.000000 
0.000000 
0.000000 
0.000000 
0.000000 
0.000000 
0.000000 
0.000000 
0.000000 
0.000000 
0.000000 
0.000000 
0.000000 
0.000000 
0.000000 
0.000000 
0.000000 
0.000000 
0.000000 
0.000000 
0.000000 
0.000000 
0.000000 
0.000000 
0.000000 
0.000000 
0.000000 
0.000000 
0.000000 
0.000000 
0.000000 
0.000000 
0.000000 
0.000000 
0.000000 
0.000000 
0.000000 
0.000000 
0.000000 
0.000000 
0.000000 
0.000000 
0.000000 
0.000000 
0.000000 
0.000000 
0.000000 
0.000000 
0.000000 
0.000000 
0.000000 
0.000000 
0.000000 
0.000000 
0.000000 
0.000000 
0.000000 
0.000000 
0.000000 
0.000000 
0.000000 
0.000000 
0.000000 
0.000000 
0.000000 
0.000000 
0.000000 
0.000000 
0.000000 
0.000000 
0.000000 
0.000000 
0.000000 
0.000000 
0.000000 
0.000000 
0.000000 
0.000000 
0.000000 
0.000000 
0.000000 
0.000000 
0.000000 
0.000000 
0.000000 
0.000000 
0.000000 
0.000000 
0.000000 
0.000000 
0.000000 
0.000000 
0.000000 
0.000000 
0.000000 
0.000000 
0.000000 
0.000000 
0.000000 
0.000000 
0.000000 
0.000000 
0.000000 
0.000000 
0.000000 
0.000000 
0.000000 
0.000000 
0.000000 
0.000000 
0.000000 
0.000000 
0.000000 
0.000000 
0.000000 
0.000000 
0.000000 
0.000000 
0.000000 
0.000000 
0.000000 
0.000000 
0.000000 
0.000000 
0.000000 
0.000000 
0.000000 
0.000000 
0.000000 
0.000000 
0.000000 
0.000000 
0.000000 
0.000000 
0.000000 
0.000000 
0.000000 
0.000000 
0.000000 
0.000000 
0.000000 
0.000000 
0.000000 
0.000000 
0.000000 
0.000000 
0.000000 
0.000000 
0.000000 
0.000000 
0.000000 
0.000000 
0.000000 
0.000000 
0.000000 
0.000000 
0.000000 
0.000000 
0.000000 
0.000000 
0.000000 
0.000000 
0.000000 
0.000000 
0.000000 
0.000000 
0.000000 
0.000000 
0.000000 
0.000000 
0.000000 
0.000000 
0.000000 
0.000000 
0.000000 
0.000000 
0.000000 
0.000000 
0.000000 
0.000000 
0.000000 
0.000000 
0.000000 
0.000000 
0.000000 
0.000000 
0.000000 
0.000000 
0.000000 
0.000000 
0.000000 
0.000000 
0.000000 
0.000000 
0.000000 
0.000000 
0.000000 
0.000000 
0.000000 
0.000000 
0.000000 
0.000000 
0.000000 
0.000000 
0.000000 
0.000000 
0.000000 
0.000000 
0.000000 
0.000000 
0.000000 
0.000000 
0.000000 
0.000000 
0.000000 
0.000000 
0.000000 
0.000000 
0.000000 
0.000000 
0.000000 
0.000000 
0.000000 
0.000000 
0.000000 
0.000000 
0.000000 
0.000000 
0.000000 
0.000000 
0.000000 
0.000000 
0.000000 
0.000000 
0.000000 
0.000000 
0.000000 
0.000000 
0.000000 
0.000000 
0.000000 
0.000000 
0.000000 
0.000000 
0.000000 
0.000000 
0.000000 
0.000000 
0.000000 
0.000000 
0.000000 
0.000000 
0.000000 
0.000000 
0.000000 
0.000000 
0.000000 
0.000000 
0.000000 
0.000000 
0.000000 
0.000000 
0.000000 
0.000000 
0.000000 
0.000000 
0.000000 
0.000000 
0.000000 
0.000000 
0.000000 
0.000000 
0.000000 
0.000000 
0.000000 
0.000000 
0.000000 
0.000000 
0.000000 
0.000000 
0.000000 
0.000000 
0.000000 
0.000000 
0.000000 
0.000000 
0.000000 
0.000000 
0.000000 
0.000000 
0.000000 
0.000000 
0.000000 
0.000000 
0.000000 
0.000000 
0.000000 
0.000000 
0.000000 
0.000000 
0.000000 
0.000000 
0.000000 
0.000000 
0.000000 
0.000000 
0.000000 
0.000000 
0.000000 
0.000000 
0.000000 
0.000000 
0.000000 
0.000000 
0.000000 
0.000000 
0.000000 
0.000000 
0.000000 
0.000000 
0.000000 
0.000000 
0.000000 
0.000000 
0.000000 
0.000000 
0.000000 
0.000000 
0.000000 
0.000000 
0.000000 
0.000000 
0.000000 
0.000000 
0.000000 
0.000000 
0.000000 
0.000000 
0.000000 
0.000000 
0.000000 
0.000000 
0.000000 
0.000000 
0.000000 
0.000000 
0.000000 
0.000000 
0.000000 
0.000000 
0.000000 
0.000000 
0.000000 
0.000000 
0.000000 
0.000000 
0.000000 
0.000000 
0.000000 
0.000000 
0.000000 
0.000000 
0.000000 
0.000000 
0.000000 
0.000000 
0.000000 
0.000000 
0.000000 
0.000000 
0.000000 
0.000000 
0.000000 
0.000000 
0.000000 
0.000000 
0.000000 
0.000000 
0.000000 
0.000000 
0.000000 
0.000000 
0.000000 
0.000000 
0.000000 
0.000000 
0.000000 
0.000000 
0.000000 
0.000000 
0.000000 
0.000000 
0.000000 
0.000000 
0.000000 
0.000000 
0.000000 
0.000000 
0.000000 
0.000000 
0.000000 
0.000000 
0.000000 
0.000000 
0.000000 
0.000000 
0.000000 
0.000000 
0.000000 
0.000000 
0.000000 
0.000000 
0.000000 
0.000000 
0.000000 
0.000000 
0.000000 
0.000000 
0.000000 
0.000000 
0.000000 
0.000000 
0.000000 
0.000000 
0.000000 
0.000000 
0.000000 
0.000000 
0.000000 
0.000000 
0.000000 
0.000000 
0.000000 
0.000000 
0.000000 
0.000000 
0.000000 
0.000000 
0.000000 
0.000000 
0.000000 
0.000000 
0.000000 
0.000000 
0.000000 
0.000000 
0.000000 
0.000000 
0.000000 
0.000000 
0.000000 
0.000000 
0.000000 
0.000000 
0.000000 
0.000000 
0.000000 
0.000000 
0.000000 
0.000000 
0.000000 
0.000000 
0.000000 
0.000000 
0.000000 
0.000000 
0.000000 
0.000000 
0.000000 
0.000000 
0.000000 
0.000000 
0.000000 
0.000000 
0.000000 
0.000000 
0.000000 
0.000000 
0.000000 
0.000000 
0.000000 
0.000000 
0.000000 
0.000000 
0.000000 
0.000000 
0.000000 
0.000000 
0.000000 
0.000000 
0.000000 
0.000000 
0.000000 
0.000000 
0.000000 
0.000000 
0.000000 
0.000000 
0.000000 
0.000000 
0.000000 
0.000000 
0.000000 
0.000000 
0.000000 
0.000000 
0.000000 
0.000000 
0.000000 
0.000000 
0.000000 
0.000000 
0.000000 
0.000000 
0.000000 
0.000000 
0.000000 
0.000000 
0.000000 
0.000000 
0.000000 
0.000000 
0.000000 
0.000000 
0.000000 
0.000000 
0.000000 
0.000000 
0.000000 
0.000000 
0.000000 
0.000000 
0.000000 
0.000000 
0.000000 
0.000000 
0.000000 
0.000000 
0.000000 
0.000000 
0.000000 
0.000000 
0.000000 
0.000000 
0.000000 
0.000000 
0.000000 
0.000000 
0.000000 
0.000000 
0.000000 
0.000000 
0.000000 
0.000000 
0.000000 
0.000000 
0.000000 
0.000000 
0.000000 
0.000000 
0.000000 
0.000000 
0.000000 
0.000000 
0.000000 
0.000000 
0.000000 
0.000000 
0.000000 
0.000000 
0.000000 
0.000000 
0.000000 
0.000000 
0.000000 
0.000000 
0.000000 
0.000000 
0.000000 
0.000000 
0.000000 
0.000000 
0.000000 
0.000000 
0.000000 
0.000000 
0.000000 
0.000000 
0.000000 
0.000000 
0.000000 
0.000000 
0.000000 
0.000000 
0.000000 
0.000000 
0.000000 
0.000000 
0.000000 
0.000000 
0.000000 
0.000000 
0.000000 
0.000000 
0.000000 
0.000000 
0.000000 
0.000000 
0.000000 
0.000000 
0.000000 
0.000000 
0.000000 
0.000000 
0.000000 
0.000000 
0.000000 
0.000000 
0.000000 
0.000000 
0.000000 
0.000000 
0.000000 
0.000000 
0.000000 
0.000000 
0.000000 
0.000000 
0.000000 
0.000000 
0.000000 
0.000000 
0.000000 
0.000000 
0.000000 
0.000000 
0.000000 
0.000000 
0.000000 
0.000000 
0.000000 
0.000000 
0.000000 
0.000000 
0.000000 
0.000000 
0.000000 
0.000000 
0.000000 
0.000000 
0.000000 
0.000000 
0.000000 
0.000000 
0.000000 
0.000000 
0.000000 
0.000000 
0.000000 
0.000000 
0.000000 
0.000000 
0.000000 
0.000000 
0.000000 
0.000000 
0.000000 
0.000000 
0.000000 
0.000000 
0.000000 
0.000000 
0.000000 
0.000000 
0.000000 
0.000000 
0.000000 
0.000000 
0.000000 
0.000000 
0.000000 
0.000000 
0.000000 
0.000000 
0.000000 
0.000000 
0.000000 
0.000000 
0.000000 
0.000000 
0.000000 
0.000000 
0.000000 
0.000000 
0.000000 
0.000000 
0.000000 
0.000000 
0.000000 
0.000000 
0.000000 
0.000000 
0.000000 
0.000000 
0.000000 
0.000000 
0.000000 
0.000000 
0.000000 
0.000000 
0.000000 
0.000000 
0.000000 
0.000000 
0.000000 
0.000000 
0.000000 
0.000000 
0.000000 
0.000000 
0.000000 
0.000000 
0.000000 
0.000000 
0.000000 
0.000000 
0.000000 
0.000000 
0.000000 
0.000000 
0.000000 
0.000000 
0.000000 
0.000000 
0.000000 
0.000000 
0.000000 
0.000000 
0.000000 
0.000000 
0.000000 
0.000000 
0.000000 
0.000000 
0.000000 
0.000000 
0.000000 
0.000000 
0.000000 
0.000000 
0.000000 
0.000000 
0.000000 
0.000000 
0.000000 
0.000000 
0.000000 
0.000000 
0.000000 
0.000000 
0.000000 
0.000000 
0.000000 
0.000000 
0.000000 
0.000000 
0.000000 
0.000000 
0.000000 
0.000000 
0.000000 
0.000000 
0.000000 
0.000000 
0.000000 
0.000000 
0.000000 
0.000000 
0.000000 
0.000000 
0.000000 
0.000000 
0.000000 
0.000000 
0.000000 
0.000000 
0.000000 
0.000000 
0.000000 
0.000000 
0.000000 
0.000000 
0.000000 
0.000000 
0.000000 
0.000000 
0.000000 
0.000000 
0.000000 
0.000000 
0.000000 
0.000000 
0.000000 
0.000000 
0.000000 
0.000000 
0.000000 
0.000000 
0.000000 
0.000000 
0.000000 
0.000000 
0.000000 
0.000000 
0.000000 
0.000000 
0.000000 
0.000000 
0.000000 
0.000000 
0.000000 
0.000000 
0.000000 
0.000000 
0.000000 
0.000000 
0.000000 
0.000000 
0.000000 
0.000000 
0.000000 
0.000000 
0.000000 
0.000000 
0.000000 
0.000000 
0.000000 
0.000000 
0.000000 
0.000000 
0.000000 
0.000000 
0.000000 
0.000000 
0.000000 
0.000000 
0.000000 
0.000000 
0.000000 
0.000000 
0.000000 
0.000000 
0.000000 
0.000000 
0.000000 
0.000000 
0.000000 
0.000000 
0.000000 
0.000000 
0.000000 
0.000000 
0.000000 
0.000000 
0.000000 
0.000000 
0.000000 
0.000000 
0.000000 
0.000000 
0.000000 
0.000000 
0.000000 
0.000000 
0.000000 
0.000000 
0.000000 
0.000000 
0.000000 
0.000000 
0.000000 
0.000000 
0.000000 
0.000000 
0.000000 
0.000000 
0.000000 
0.000000 
0.000000 
0.000000 
0.000000 
0.000000 
0.000000 
0.000000 
0.000000 
0.000000 
0.000000 
0.000000 
0.000000 
0.000000 
0.000000 
0.000000 
0.000000 
0.000000 
0.000000 
0.000000 
0.000000 
0.000000 
0.000000 
0.000000 
0.000000 
0.000000 
0.000000 
0.000000 
0.000000 
0.000000 
0.000000 
0.000000 
0.000000 
0.000000 
0.000000 
0.000000 
0.000000 
0.000000 
0.000000 
0.000000 
0.000000 
0.000000 
0.000000 
0.000000 
0.000000 
0.000000 
0.000000 
0.000000 
0.000000 
0.000000 
0.000000 
0.000000 
0.000000 
0.000000 
0.000000 
0.000000 
0.000000 
0.000000 
0.000000 
0.000000 
0.000000 
0.000000 
0.000000 
0.000000 
0.000000 
0.000000 
0.000000 
0.000000 
0.000000 
0.000000 
0.000000 
0.000000 
0.000000 
0.000000 
0.000000 
0.000000 
0.000000 
0.000000 
0.000000 
0.000000 
0.000000 
0.000000 
0.000000 
0.000000 
0.000000 
0.000000 
0.000000 
0.000000 
0.000000 
0.000000 
0.000000 
0.000000 
0.000000 
0.000000 
0.000000 
0.000000 
0.000000 
0.000000 
0.000000 
0.000000 
0.000000 
0.000000 
0.000000 
0.000000 
0.000000 
0.000000 
0.000000 
0.000000 
0.000000 
0.000000 
0.000000 
0.000000 
0.000000 
0.000000 
0.000000 
0.000000 
0.000000 
0.000000 
0.000000 
0.000000 
0.000000 
0.000000 
0.000000 
0.000000 
0.000000 
0.000000 
0.000000 
0.000000 
0.000000 
0.000000 
0.000000 
0.000000 
0.000000 
0.000000 
0.000000 
0.000000 
0.000000 
0.000000 
0.000000 
0.000000 
0.000000 
0.000000 
0.000000 
0.000000 
0.000000 
0.000000 
0.000000 
0.000000 
0.000000 
0.000000 
0.000000 
0.000000 
0.000000 
0.000000 
0.000000 
0.000000 
0.000000 
0.000000 
0.000000 
0.000000 
0.000000 
0.000000 
0.000000 
0.000000 
0.000000 
0.000000 
0.000000 
0.000000 
0.000000 
0.000000 
0.000000 
0.000000 
0.000000 
0.000000 
0.000000 
0.000000 
0.000000 
0.000000 
0.000000 
0.000000 
0.000000 
0.000000 
0.000000 
0.000000 
0.000000 
0.000000 
0.000000 
0.000000 
0.000000 
0.000000 
0.000000 
0.000000 
0.000000 
0.000000 
0.000000 
0.000000 
0.000000 
0.000000 
0.000000 
0.000000 
0.000000 
0.000000 
0.000000 
0.000000 
0.000000 
0.000000 
0.000000 
0.000000 
0.000000 
0.000000 
0.000000 
0.000000 
0.000000 
0.000000 
0.000000 
0.000000 
0.000000 
0.000000 
0.000000 
0.000000 
0.000000 
0.000000 
0.000000 
0.000000 
0.000000 
0.000000 
0.000000 
0.000000 
0.000000 
0.000000 
0.000000 
0.000000 
0.000000 
0.000000 
0.000000 
0.000000 
0.000000 
0.000000 
0.000000 
0.000000 
0.000000 
0.000000 
0.000000 
0.000000 
0.000000 
0.000000 
0.000000 
0.000000 
0.000000 
0.000000 
0.000000 
0.000000 
0.000000 
0.000000 
0.000000 
0.000000 
0.000000 
0.000000 
0.000000 
0.000000 
0.000000 
0.000000 
0.000000 
0.000000 
0.000000 
0.000000 
0.000000 
0.000000 
0.000000 
0.000000 
0.000000 
0.000000 
0.000000 
0.000000 
0.000000 
0.000000 
0.000000 
0.000000 
0.000000 
0.000000 
0.000000 
0.000000 
0.000000 
0.000000 
0.000000 
0.000000 
0.000000 
0.000000 
0.000000 
0.000000 
0.000000 
0.000000 
0.000000 
0.000000 
0.000000 
0.000000 
0.000000 
0.000000 
0.000000 
0.000000 
0.000000 
0.000000 
0.000000 
0.000000 
0.000000 
0.000000 
0.000000 
0.000000 
0.000000 
0.000000 
0.000000 
0.000000 
0.000000 
0.000000 
0.000000 
0.000000 
0.000000 
0.000000 
0.000000 
0.000000 
0.000000 
0.000000 
0.000000 
0.000000 
0.000000 
0.000000 
0.000000 
0.000000 
0.000000 
0.000000 
0.000000 
0.000000 
0.000000 
0.000000 
0.000000 
0.000000 
0.000000 
0.000000 
0.000000 
0.000000 
0.000000 
0.000000 
0.000000 
0.000000 
0.000000 
0.000000 
0.000000 
0.000000 
0.000000 
0.000000 
0.000000 
0.000000 
0.000000 
0.000000 
0.000000 
0.000000 
0.000000 
0.000000 
0.000000 
0.000000 
0.000000 
0.000000 
0.000000 
0.000000 
0.000000 
0.000000 
0.000000 
0.000000 
0.000000 
0.000000 
0.000000 
0.000000 
0.000000 
0.000000 
0.000000 
0.000000 
0.000000 
0.000000 
0.000000 
0.000000 
0.000000 
0.000000 
0.000000 
0.000000 
0.000000 
0.000000 
0.000000 
0.000000 
0.000000 
0.000000 
0.000000 
0.000000 
0.000000 
0.000000 
0.000000 
0.000000 
0.000000 
0.000000 
0.000000 
0.000000 
0.000000 
0.000000 
0.000000 
0.000000 
0.000000 
0.000000 
0.000000 
0.000000 
0.000000 
0.000000 
0.000000 
0.000000 
0.000000 
0.000000 
0.000000 
0.000000 
0.000000 
0.000000 
0.000000 
0.000000 
0.000000 
0.000000 
0.000000 
0.000000 
0.000000 
0.000000 
0.000000 
0.000000 
0.000000 
0.000000 
0.000000 
0.000000 
0.000000 
0.000000 
0.000000 
0.000000 
0.000000 
0.000000 
0.000000 
0.000000 
0.000000 
0.000000 
0.000000 
0.000000 
0.000000 
0.000000 
0.000000 
0.000000 
0.000000 
0.000000 
0.000000 
0.000000 
0.000000 
0.000000 
0.000000 
0.000000 
0.000000 
0.000000 
0.000000 
0.000000 
0.000000 
0.000000 
0.000000 
0.000000 
0.000000 
0.000000 
0.000000 
0.000000 
0.000000 
0.000000 
0.000000 
0.000000 
0.000000 
0.000000 
0.000000 
0.000000 
0.000000 
0.000000 
0.000000 
0.000000 
0.000000 
0.000000 
0.000000 
0.000000 
0.000000 
0.000000 
0.000000 
0.000000 
0.000000 
0.000000 
0.000000 
0.000000 
0.000000 
0.000000 
0.000000 
0.000000 
0.000000 
0.000000 
0.000000 
0.000000 
0.000000 
0.000000 
0.000000 
0.000000 
0.000000 
0.000000 
0.000000 
0.000000 
0.000000 
0.000000 
0.000000 
0.000000 
0.000000 
0.000000 
0.000000 
0.000000 
0.000000 
0.000000 
0.000000 
0.000000 
0.000000 
0.000000 
0.000000 
0.000000 
0.000000 
0.000000 
0.000000 
0.000000 
0.000000 
0.000000 
0.000000 
0.000000 
0.000000 
0.000000 
0.000000 
0.000000 
0.000000 
0.000000 
0.000000 
0.000000 
0.000000 
0.000000 
0.000000 
0.000000 
0.000000 
0.000000 
0.000000 
0.000000 
0.000000 
0.000000 
0.000000 
0.000000 
0.000000 
0.000000 
0.000000 
0.000000 
0.000000 
0.000000 
0.000000 
0.000000 
0.000000 
0.000000 
0.000000 
0.000000 
0.000000 
0.000000 
0.000000 
0.000000 
0.000000 
0.000000 
0.000000 
0.000000 
0.000000 
0.000000 
0.000000 
0.000000 
0.000000 
0.000000 
0.000000 
0.000000 
0.000000 
0.000000 
0.000000 
0.000000 
0.000000 
0.000000 
0.000000 
0.000000 
0.000000 
0.000000 
0.000000 
0.000000 
0.000000 
0.000000 
0.000000 
0.000000 
0.000000 
0.000000 
0.000000 
0.000000 
0.000000 
0.000000 
0.000000 
0.000000 
0.000000 
0.000000 
0.000000 
0.000000 
0.000000 
0.000000 
0.000000 
0.000000 
0.000000 
0.000000 
0.000000 
0.000000 
0.000000 
0.000000 
0.000000 
0.000000 
0.000000 
0.000000 
0.000000 
0.000000 
0.000000 
0.000000 
0.000000 
0.000000 
0.000000 
0.000000 
0.000000 
0.000000 
0.000000 
0.000000 
0.000000 
0.000000 
0.000000 
0.000000 
0.000000 
0.000000 
0.000000 
0.000000 
0.000000 
0.000000 
0.000000 
0.000000 
0.000000 
0.000000 
0.000000 
0.000000 
0.000000 
0.000000 
0.000000 
0.000000 
0.000000 
0.000000 
0.000000 
0.000000 
0.000000 
0.000000 
0.000000 
0.000000 
0.000000 
0.000000 
0.000000 
0.000000 
0.000000 
0.000000 
0.000000 
0.000000 
0.000000 
0.000000 
0.000000 
0.000000 
0.000000 
0.000000 
0.000000 
0.000000 
0.000000 
0.000000 
0.000000 
0.000000 
0.000000 
0.000000 
0.000000 
0.000000 
0.000000 
