0.154762 0.186508 0.175094 
0.186508 0.150794 0.135131 
0.150794 0.353175 0.360358 
0.353175 0.337302 0.346248 
0.337302 0.123016 0.107428 
0.123016 0.174603 0.161189 
0.174603 0.150794 0.135065 
0.150794 0.218254 0.212549 
0.218254 0.178571 0.166299 
0.178571 0.257937 0.259626 
0.257937 0.123016 0.107027 
0.123016 0.138889 0.122229 
0.138889 0.083333 0.071721 
0.083333 0.134921 0.117953 
0.134921 0.087302 0.074823 
0.087302 0.146825 0.130340 
0.146825 0.226190 0.221972 
0.226190 0.214286 0.208295 
0.214286 0.210317 0.203502 
0.210317 0.099206 0.084996 
0.099206 0.119048 0.102423 
0.119048 0.079365 0.068606 
0.079365 0.027778 0.036544 
0.027778 0.083333 0.071273 
0.083333 0.043651 0.044912 
0.043651 0.051587 0.049444 
0.051587 0.039683 0.042614 
0.039683 0.099206 0.084235 
0.099206 0.146825 0.130406 
0.146825 0.011905 0.029553 
0.011905 0.015873 0.030931 
0.015873 0.007937 0.027673 
0.007937 0.031746 0.038328 
0.031746 0.023810 0.034533 
0.023810 0.059524 0.054354 
0.059524 0.031746 0.038464 
0.031746 0.003968 0.026175 
0.003968 0.007937 0.027649 
0.007937 0.011905 0.029254 
0.011905 0.011905 0.029263 
0.011905 0.003968 0.026136 
0.003968 0.011905 0.029246 
0.011905 0.003968 0.026136 
0.003968 0.003968 0.026121 
0.003968 0.003968 0.026121 
0.003968 0.011905 0.029246 
0.011905 0.011905 0.029263 
0.011905 0.011905 0.029263 
0.011905 0.011905 0.029263 
0.011905 0.007937 0.027665 
0.007937 0.007937 0.027657 
0.007937 0.031746 0.038328 
0.031746 0.011905 0.029305 
0.011905 0.000000 0.024675 
0.000000 0.019841 0.032643 
0.019841 0.003968 0.026152 
0.003968 0.003968 0.026121 
0.003968 0.003968 0.026121 
0.003968 0.003968 0.026121 
0.003968 0.003968 0.026121 
0.003968 0.003968 0.026121 
0.003968 0.000000 0.024660 
0.000000 0.000000 0.024653 
0.000000 0.000000 0.024653 
0.000000 0.007937 0.027641 
0.007937 0.007937 0.027657 
0.007937 0.007937 0.027657 
0.007937 0.003968 0.026129 
0.003968 0.003968 0.026121 
0.003968 0.007937 0.027649 
0.007937 0.063492 0.056908 
0.063492 0.015873 0.031046 
0.015873 0.039683 0.042513 
0.039683 0.015873 0.030993 
0.015873 0.023810 0.034495 
0.023810 0.043651 0.044737 
0.043651 0.027778 0.036454 
0.027778 0.059524 0.054367 
0.059524 0.083333 0.071400 
0.083333 0.087302 0.074609 
0.087302 0.162698 0.147580 
0.162698 0.146825 0.130757 
0.146825 0.158730 0.143539 
0.158730 0.126984 0.110402 
0.126984 0.265873 0.268502 
0.265873 0.277778 0.282904 
0.277778 0.269841 0.273957 
0.269841 0.190476 0.180422 
0.190476 0.206349 0.198645 
0.206349 0.162698 0.148269 
0.162698 0.130952 0.114366 
0.130952 0.174603 0.161236 
0.174603 0.214286 0.207975 
0.214286 0.261905 0.264446 
0.261905 0.277778 0.282880 
0.277778 0.289683 0.296258 
0.289683 0.261905 0.264901 
0.261905 0.206349 0.199086 
0.206349 0.134921 0.118605 
0.134921 0.174603 0.161259 
0.174603 0.194444 0.184492 
0.194444 0.253968 0.255095 
0.253968 0.206349 0.199037 
0.206349 0.289683 0.295847 
0.289683 0.277778 0.283044 
0.277778 0.369048 0.375316 
0.369048 0.289683 0.296782 
0.289683 0.448413 0.435667 
0.448413 0.448413 0.436200 
0.448413 0.468254 0.448427 
0.468254 0.607143 0.509338 
0.607143 0.507937 0.470324 
0.507937 0.281746 0.288777 
0.281746 0.376984 0.382216 
0.376984 0.507937 0.469731 
0.507937 0.376984 0.383221 
0.376984 0.253968 0.256206 
0.253968 0.281746 0.287296 
0.281746 0.313492 0.321844 
0.313492 0.297619 0.305137 
0.297619 0.230159 0.227628 
0.230159 0.420635 0.416448 
0.420635 0.396825 0.399151 
0.396825 0.309524 0.318316 
0.309524 0.333333 0.342133 
0.333333 0.325397 0.334337 
0.325397 0.230159 0.227800 
0.230159 0.186508 0.175551 
0.186508 0.309524 0.317161 
0.309524 0.257937 0.260420 
0.257937 0.198413 0.189674 
0.198413 0.345238 0.353119 
0.345238 0.436508 0.427989 
0.436508 0.250000 0.251927 
0.250000 0.269841 0.273792 
0.269841 0.210317 0.203846 
0.210317 0.202381 0.194068 
0.202381 0.162698 0.148246 
0.162698 0.130952 0.114366 
0.130952 0.198413 0.188894 
0.198413 0.206349 0.198694 
0.206349 0.273810 0.278058 
0.273810 0.051587 0.050175 
0.051587 0.126984 0.109853 
0.126984 0.146825 0.130559 
0.146825 0.103175 0.088151 
0.103175 0.071429 0.062727 
0.071429 0.138889 0.121952 
0.138889 0.190476 0.179624 
0.190476 0.103175 0.088351 
0.103175 0.111111 0.095049 
0.111111 0.119048 0.102482 
0.119048 0.107143 0.091537 
0.107143 0.099206 0.084536 
0.099206 0.123016 0.106225 
0.123016 0.083333 0.071657 
0.083333 0.126984 0.110015 
0.126984 0.158730 0.143425 
0.158730 0.083333 0.071801 
0.083333 0.063492 0.057171 
0.063492 0.067460 0.059799 
0.067460 0.063492 0.057116 
0.063492 0.075397 0.065443 
0.075397 0.039683 0.042682 
0.039683 0.099206 0.084235 
0.099206 0.210317 0.202790 
0.210317 0.039683 0.043067 
0.039683 0.027778 0.036444 
0.027778 0.015873 0.030966 
0.015873 0.035714 0.040391 
0.035714 0.019841 0.032726 
0.019841 0.011905 0.029280 
0.011905 0.019841 0.032671 
0.019841 0.023810 0.034504 
0.023810 0.063492 0.056964 
0.063492 0.011905 0.029374 
0.011905 0.000000 0.024675 
0.000000 0.007937 0.027641 
0.007937 0.019841 0.032662 
0.019841 0.007937 0.027682 
0.007937 0.031746 0.038328 
0.031746 0.007937 0.027706 
0.007937 0.007937 0.027657 
0.007937 0.047619 0.046970 
0.047619 0.039683 0.042603 
0.039683 0.035714 0.040456 
0.035714 0.003968 0.026183 
0.003968 0.003968 0.026121 
0.003968 0.015873 0.030913 
0.015873 0.000000 0.024682 
0.000000 0.039683 0.042468 
0.039683 0.075397 0.065352 
0.075397 0.091270 0.077769 
0.091270 0.107143 0.091407 
0.107143 0.071429 0.062741 
0.071429 0.095238 0.081025 
0.095238 0.095238 0.081128 
0.095238 0.083333 0.071544 
0.083333 0.059524 0.054555 
0.059524 0.015873 0.031038 
0.015873 0.087302 0.074330 
0.087302 0.067460 0.059885 
0.067460 0.119048 0.102266 
0.119048 0.162698 0.147763 
0.162698 0.182540 0.170541 
0.182540 0.146825 0.130867 
0.146825 0.142857 0.126485 
0.142857 0.234127 0.231383 
0.234127 0.269841 0.273697 
0.269841 0.226190 0.222735 
0.226190 0.384921 0.388664 
0.384921 0.277778 0.283603 
0.277778 0.269841 0.273957 
0.269841 0.242063 0.241566 
0.242063 0.146825 0.131196 
0.146825 0.250000 0.250157 
0.250000 0.285714 0.291702 
0.285714 0.202381 0.194533 
0.202381 0.238095 0.236456 
0.238095 0.234127 0.231972 
0.234127 0.277778 0.282717 
0.277778 0.234127 0.232218 
0.234127 0.309524 0.317423 
0.309524 0.317460 0.326111 
0.317460 0.365079 0.371986 
0.365079 0.269841 0.274477 
0.269841 0.365079 0.371765 
0.365079 0.309524 0.318142 
0.309524 0.230159 0.227701 
0.230159 0.210317 0.203600 
0.210317 0.206349 0.198768 
0.206349 0.265873 0.268978 
0.265873 0.246032 0.246221 
0.246032 0.261905 0.264638 
0.261905 0.174603 0.162014 
0.174603 0.325397 0.333502 
0.325397 0.285714 0.292139 
0.285714 0.333333 0.342011 
0.333333 0.313492 0.322124 
0.313492 0.301587 0.309417 
0.301587 0.357143 0.364744 
0.357143 0.384921 0.389231 
0.384921 0.325397 0.334609 
0.325397 0.349206 0.357499 
0.349206 0.238095 0.237362 
0.238095 0.194444 0.184880 
0.194444 0.230159 0.226988 
0.230159 0.265873 0.269121 
0.265873 0.242063 0.241541 
0.242063 0.194444 0.184905 
0.194444 0.202381 0.193970 
0.202381 0.226190 0.222317 
0.226190 0.277778 0.282670 
0.277778 0.273810 0.278481 
0.273810 0.253968 0.255578 
0.253968 0.130952 0.114842 
0.130952 0.210317 0.202986 
0.210317 0.317460 0.325577 
0.317460 0.424603 0.419623 
0.424603 0.253968 0.256495 
0.253968 0.190476 0.180325 
0.190476 0.134921 0.118521 
0.134921 0.146825 0.130603 
0.146825 0.138889 0.122358 
0.138889 0.107143 0.091629 
0.107143 0.079365 0.068560 
0.079365 0.091270 0.077786 
0.091270 0.123016 0.106185 
0.123016 0.130952 0.114158 
0.130952 0.134921 0.118206 
0.134921 0.095238 0.081301 
0.095238 0.051587 0.049607 
0.051587 0.166667 0.151798 
0.166667 0.115079 0.099017 
0.115079 0.119048 0.102501 
0.119048 0.091270 0.077954 
0.091270 0.055556 0.052047 
0.055556 0.063492 0.057074 
0.063492 0.047619 0.047140 
0.047619 0.071429 0.062521 
0.071429 0.035714 0.040543 
0.035714 0.067460 0.059699 
0.067460 0.063492 0.057116 
0.063492 0.043651 0.044854 
0.043651 0.035714 0.040467 
0.035714 0.039683 0.042569 
0.039683 0.039683 0.042580 
0.039683 0.063492 0.057019 
0.063492 0.083333 0.071416 
0.083333 0.031746 0.038526 
0.031746 0.019841 0.032717 
0.019841 0.011905 0.029280 
0.011905 0.027778 0.036373 
0.027778 0.027778 0.036414 
0.027778 0.039683 0.042547 
0.039683 0.043651 0.044783 
0.043651 0.083333 0.071336 
0.083333 0.035714 0.040576 
0.035714 0.003968 0.026183 
0.003968 0.007937 0.027649 
