0.411468 
0.407549 
0.405387 
0.403914 
0.402949 
0.402310 
0.401807 
0.401271 
0.400690 
0.400154 
0.399717 
0.399386 
0.399144 
0.398966 
0.398829 
0.398718 
0.398625 
0.398543 
0.398470 
0.398403 
0.398340 
0.398280 
0.398222 
0.398165 
0.398110 
0.398055 
0.398000 
0.397945 
0.397889 
0.397832 
0.397772 
0.397708 
0.397638 
0.397556 
0.397452 
0.397301 
0.397041 
0.396507 
0.395263 
0.392864 
0.390442 
0.388803 
0.385353 
0.376666 
0.372950 
0.371227 
0.370175 
0.369477 
0.368964 
0.368564 
0.368237 
0.367962 
0.367725 
0.367517 
0.367332 
0.367164 
0.367010 
0.366868 
0.366735 
0.366610 
0.366491 
0.366377 
0.366267 
0.366160 
0.366056 
0.365955 
0.365855 
0.365757 
0.365659 
0.365563 
0.365467 
0.365371 
0.365276 
0.365181 
0.365086 
0.364991 
0.364895 
0.364799 
0.364703 
0.364605 
0.364507 
0.364408 
0.364307 
0.364205 
0.364102 
0.363996 
0.363888 
0.363778 
0.363665 
0.363550 
0.363431 
0.363309 
0.363183 
0.363053 
0.362919 
0.362780 
0.362636 
0.362487 
0.362332 
0.362173 
0.362009 
0.361841 
0.361671 
0.361499 
0.361325 
0.361148 
0.360967 
0.360782 
0.360590 
0.360391 
0.360184 
0.359968 
0.359745 
0.359515 
0.359283 
0.359053 
0.358828 
0.358613 
0.358407 
0.358212 
0.358026 
0.357846 
0.357672 
0.357503 
0.357338 
0.357178 
0.357024 
0.356874 
0.356728 
0.356587 
0.356448 
0.356312 
0.356177 
0.356040 
0.355902 
0.355760 
0.355613 
0.355460 
0.355302 
0.355138 
0.354968 
0.354795 
0.354620 
0.354444 
0.354269 
0.354096 
0.353926 
0.353759 
0.353598 
0.353442 
0.353293 
0.353150 
0.353012 
0.352879 
0.352750 
0.352624 
0.352499 
0.352376 
0.352253 
0.352131 
0.352009 
0.351888 
0.351767 
0.351646 
0.351526 
0.351407 
0.351289 
0.351172 
0.351055 
0.350940 
0.350826 
0.350713 
0.350602 
0.350491 
0.350381 
0.350273 
0.350165 
0.350058 
0.349951 
0.349845 
0.349740 
0.349635 
0.349531 
0.349427 
0.349323 
0.349220 
0.349118 
0.349016 
0.348915 
0.348815 
0.348716 
0.348619 
0.348523 
0.348428 
0.348334 
0.348241 
0.348149 
0.348058 
0.347967 
0.347877 
0.347787 
0.347699 
0.347610 
0.347523 
0.347437 
0.347353 
0.347270 
0.347189 
0.347109 
0.347030 
0.346952 
0.346875 
0.346797 
0.346719 
0.346639 
0.346559 
0.346477 
0.346395 
0.346312 
0.346229 
0.346145 
0.346061 
0.345977 
0.345893 
0.345808 
0.345723 
0.345638 
0.345552 
0.345465 
0.345376 
0.345285 
0.345192 
0.345097 
0.344999 
0.344899 
0.344798 
0.344696 
0.344594 
0.344493 
0.344392 
0.344292 
0.344194 
0.344097 
0.344002 
0.343909 
0.343818 
0.343729 
0.343641 
0.343555 
0.343472 
0.343389 
0.343309 
0.343230 
0.343153 
0.343077 
0.343003 
0.342930 
0.342858 
0.342788 
0.342718 
0.342650 
0.342582 
0.342515 
0.342448 
0.342383 
0.342317 
0.342252 
0.342186 
0.342121 
0.342056 
0.341990 
0.341923 
0.341857 
0.341789 
0.341721 
0.341652 
0.341583 
0.341512 
0.341442 
0.341371 
0.341300 
0.341228 
0.341157 
0.341086 
0.341015 
0.340943 
0.340872 
0.340801 
0.340731 
0.340662 
0.340597 
0.340538 
0.340486 
0.340442 
0.340405 
0.340372 
0.340340 
0.340307 
0.340270 
0.340227 
0.340178 
0.340124 
0.340064 
0.340000 
0.339933 
0.339863 
0.339793 
0.339723 
0.339654 
0.339588 
0.339525 
0.339466 
0.339411 
0.339360 
0.339312 
0.339269 
0.339229 
0.339193 
0.339161 
0.339133 
0.339106 
0.339082 
0.339058 
0.339033 
0.339008 
0.338980 
0.338951 
0.338919 
0.338884 
0.338847 
0.338806 
0.338764 
0.338723 
0.338684 
0.338649 
0.338616 
0.338585 
0.338559 
0.338536 
0.338515 
0.338493 
0.338467 
0.338435 
0.338394 
0.338342 
0.338283 
0.338217 
0.338150 
0.338084 
0.338022 
0.337965 
0.337913 
0.337864 
0.337820 
0.337777 
0.337737 
0.337697 
0.337658 
0.337619 
0.337582 
0.337548 
0.337519 
0.337497 
0.337484 
0.337482 
0.337491 
0.337503 
0.337503 
0.337481 
0.337438 
0.337385 
0.337344 
0.337320 
0.337308 
0.337311 
0.337325 
0.337343 
0.337350 
0.337334 
0.337299 
0.337252 
0.337193 
0.337122 
0.337047 
0.336974 
0.336907 
0.336844 
0.336781 
0.336716 
0.336650 
0.336584 
0.336520 
0.336462 
0.336409 
0.336360 
0.336317 
0.336277 
0.336236 
0.336187 
0.336132 
0.336075 
0.336023 
0.335977 
0.335939 
0.335911 
0.335892 
0.335884 
0.335885 
0.335883 
0.335869 
0.335841 
0.335804 
0.335762 
0.335715 
0.335662 
0.335605 
0.335553 
0.335506 
0.335463 
0.335423 
0.335383 
0.335345 
0.335306 
0.335268 
0.335229 
0.335190 
0.335149 
0.335107 
0.335062 
0.335016 
0.334970 
0.334923 
0.334877 
0.334831 
0.334782 
0.334728 
0.334671 
0.334612 
0.334548 
0.334482 
0.334426 
0.334384 
0.334351 
0.334322 
0.334295 
0.334269 
0.334243 
0.334219 
0.334199 
0.334183 
0.334175 
0.334173 
0.334179 
0.334191 
0.334208 
0.334228 
0.334250 
0.334276 
0.334304 
0.334335 
0.334368 
0.334404 
0.334448 
0.334497 
0.334545 
0.334584 
0.334611 
0.334628 
0.334637 
0.334634 
0.334617 
0.334585 
0.334539 
0.334483 
0.334422 
0.334365 
0.334318 
0.334247 
0.334148 
0.334040 
0.333933 
0.333826 
0.333729 
0.333639 
0.333558 
0.333483 
0.333417 
0.333368 
0.333277 
0.333216 
0.333261 
0.333155 
0.333116 
0.333084 
0.333067 
0.333186 
0.333231 
0.333311 
0.333370 
0.333355 
0.339301 
0.335642 
0.334245 
0.333780 
0.333903 
0.333698 
0.333240 
0.332895 
0.332478 
0.332205 
0.332083 
0.332002 
0.331944 
0.331907 
0.331872 
0.331817 
0.331732 
0.331631 
0.331529 
0.331430 
0.331340 
0.331261 
0.331189 
0.331115 
0.331035 
0.330951 
0.330866 
0.330782 
0.330702 
0.330626 
0.330559 
0.330506 
0.330477 
0.330470 
0.330472 
0.330472 
0.330463 
0.330447 
0.330426 
0.330402 
0.330376 
0.330348 
0.330317 
0.330282 
0.330243 
0.330201 
0.330157 
0.330111 
0.330065 
0.330020 
0.329979 
0.329945 
0.329918 
0.329896 
0.329878 
0.329869 
0.329878 
0.329911 
0.329935 
0.329925 
0.329890 
0.329840 
0.329777 
0.329683 
0.329546 
0.329169 
0.329038 
0.329024 
0.329109 
0.329277 
0.329249 
0.329233 
0.329150 
0.329082 
0.329035 
0.328939 
0.328812 
0.328661 
0.328523 
0.328432 
0.328374 
0.328300 
0.328179 
0.327981 
0.327782 
0.327666 
0.327609 
0.327481 
0.327314 
0.327292 
0.327731 
0.327910 
0.328284 
0.328096 
0.328033 
0.328135 
0.327941 
0.327905 
0.327932 
0.327977 
0.327963 
0.327868 
0.327873 
0.327887 
0.327907 
0.327794 
0.327776 
0.327745 
0.327696 
0.327534 
0.328094 
0.327752 
0.327509 
0.327383 
0.327991 
0.327813 
0.327412 
0.327359 
0.327355 
0.327371 
0.327367 
0.327345 
0.327267 
0.327084 
0.326935 
0.326871 
0.326769 
0.326435 
0.325941 
0.325676 
0.325717 
0.325456 
0.325494 
0.325449 
0.325393 
0.325421 
0.325414 
0.325206 
0.325333 
0.325002 
0.324771 
0.324661 
0.324772 
0.324469 
0.324304 
0.323973 
0.324517 
0.324186 
0.323782 
0.324215 
0.323699 
0.324073 
0.323530 
0.324021 
0.323625 
0.323400 
0.323554 
0.323504 
0.323320 
0.323116 
0.323295 
0.322943 
0.323034 
0.322861 
0.322955 
0.322974 
0.322651 
0.322909 
0.323548 
0.324220 
0.324643 
0.324005 
0.323801 
0.324065 
0.323541 
0.324123 
0.323712 
0.324010 
0.323653 
0.323535 
0.323413 
0.323288 
0.323143 
0.323717 
0.323099 
0.322597 
0.322849 
0.323850 
0.322862 
0.322819 
0.322320 
0.322368 
0.322584 
0.323099 
0.322272 
0.321676 
0.321020 
0.320990 
0.321889 
0.321699 
0.322399 
0.320840 
0.321086 
0.321872 
0.323725 
0.320717 
0.321250 
0.322395 
0.321564 
0.321195 
0.321208 
0.320803 
0.320674 
0.320691 
0.320067 
0.320053 
0.320189 
0.320488 
0.320589 
0.320434 
0.319504 
0.320665 
0.320223 
0.319354 
0.319731 
0.319945 
0.319697 
0.319165 
0.319796 
0.319581 
0.319732 
0.318367 
0.319339 
0.318946 
0.318489 
0.318974 
0.318874 
0.319299 
0.318541 
0.318894 
0.319003 
0.319518 
0.319887 
0.318213 
0.319571 
0.318820 
0.319440 
0.320907 
0.319847 
0.320227 
0.319669 
0.319581 
0.319621 
0.318929 
0.319368 
0.318338 
0.319170 
0.320167 
0.320022 
0.318720 
0.318849 
0.318946 
0.319409 
0.318899 
0.318159 
0.318472 
0.320366 
0.319281 
0.320916 
0.318756 
0.320770 
0.320256 
0.320152 
0.321221 
0.318982 
0.318748 
0.320648 
0.319239 
0.317844 
0.318691 
0.319926 
0.318449 
0.319177 
0.320135 
0.319914 
0.320347 
0.318858 
0.318696 
0.317667 
0.319358 
0.319094 
0.319357 
0.320906 
0.319212 
0.318825 
0.319061 
0.319676 
0.319086 
0.320037 
0.319436 
0.320246 
0.318798 
0.319266 
0.319258 
0.319196 
0.320020 
0.319504 
0.318944 
0.318778 
0.319793 
0.319289 
0.318640 
0.318504 
0.319411 
0.320119 
0.320785 
0.320564 
0.321846 
0.319299 
0.320568 
0.320705 
0.320279 
0.320745 
0.321660 
0.320523 
0.321074 
0.320074 
0.318816 
0.318870 
0.318720 
0.319932 
0.317806 
0.320077 
0.320435 
0.319659 
0.317508 
0.318804 
0.319507 
0.319191 
0.319697 
0.318982 
0.319198 
0.318232 
0.318841 
0.319735 
0.319065 
0.318791 
0.319247 
0.319752 
0.320670 
0.320489 
0.320167 
0.318821 
0.320008 
0.318827 
0.319870 
0.319133 
0.319920 
0.319269 
0.319595 
0.320146 
0.318734 
0.319677 
0.317501 
0.318102 
0.318125 
0.318998 
0.319354 
0.319393 
0.318766 
0.318908 
0.317990 
0.319050 
0.317553 
0.316990 
0.316959 
0.317791 
0.319354 
0.319004 
0.319001 
0.321335 
0.320072 
0.318798 
0.320520 
0.318902 
0.320285 
0.318782 
0.319023 
0.318251 
0.318193 
0.319639 
0.318564 
0.317245 
0.318755 
0.317479 
0.318733 
0.318848 
0.320267 
0.318850 
0.319090 
0.317506 
0.317722 
0.317747 
0.318994 
0.317940 
0.317183 
0.317755 
0.317741 
0.318278 
0.319880 
0.318728 
0.318480 
0.317924 
0.318255 
0.318598 
0.317308 
0.317374 
0.317255 
0.317354 
0.317222 
0.315171 
0.316091 
0.315559 
0.316948 
0.317680 
0.318280 
0.316926 
0.317443 
0.317838 
0.316351 
0.316838 
0.316998 
0.318021 
0.320077 
0.321180 
0.317327 
0.317253 
0.317256 
0.318190 
0.319297 
0.315936 
0.318085 
0.318527 
0.317089 
0.319894 
0.316916 
0.317925 
0.319513 
0.318555 
0.316422 
0.318426 
0.318163 
0.317917 
0.318250 
0.316652 
0.317141 
0.317976 
0.317131 
0.316703 
0.318776 
0.320287 
0.317962 
0.318127 
0.318226 
0.316710 
0.316864 
0.318202 
0.317929 
0.319915 
0.316415 
0.318528 
0.318590 
0.318672 
0.318897 
0.316968 
0.318188 
0.318377 
0.318229 
0.318487 
0.317978 
0.317437 
0.319411 
0.316128 
0.318355 
0.317558 
0.318219 
0.315387 
0.318589 
0.316708 
0.316762 
0.319944 
0.319775 
0.317868 
0.317094 
0.317651 
0.318495 
0.316205 
0.316359 
0.317876 
0.316957 
